Pdata = [
0 0 2.500000
1 1 2.500000
2 2 2.500000
3 3 2.500000
4 4 2.500000
5 5 2.500000
6 6 2.500000
7 7 2.500000
8 8 2.500000
9 9 2.500000
10 10 2.500000
11 11 2.500000
12 12 2.500000
13 13 2.500000
14 14 2.500000
15 15 2.500000
16 16 2.500000
17 17 2.500000
18 18 2.500000
19 19 2.500000
20 20 2.500000
21 21 2.500000
22 22 2.500000
23 23 2.500000
24 24 2.500000
25 25 2.500000
26 26 2.500000
27 27 2.500000
28 28 2.500000
29 29 2.500000
30 30 2.500000
31 31 2.500000
32 32 2.500000
33 33 2.500000
34 34 2.500000
35 35 2.500000
36 36 2.500000
37 37 2.500000
38 38 2.500000
39 39 2.500000
40 40 2.500000
41 41 2.500000
42 42 2.500000
43 43 2.500000
44 44 2.500000
45 45 2.500000
46 46 2.500000
47 47 2.500000
48 48 2.500000
49 49 2.500000
50 50 2.500000
51 51 2.500000
52 52 2.500000
53 53 2.500000
54 54 2.500000
55 55 2.500000
56 56 2.500000
57 57 2.500000
58 58 2.500000
59 59 2.500000
60 60 2.500000
61 61 2.500000
62 62 2.500000
63 63 2.500000
64 64 2.500000
65 65 2.500000
66 66 2.500000
67 67 2.500000
68 68 2.500000
69 69 2.500000
70 70 2.500000
71 71 2.500000
72 72 2.500000
73 73 2.500000
74 74 2.500000
75 75 2.500000
76 76 2.500000
77 77 2.500000
78 78 2.500000
79 79 2.500000
80 80 2.500000
81 81 2.500000
82 82 2.500000
83 83 2.500000
84 84 2.500000
85 85 2.500000
86 86 2.500000
87 87 2.500000
88 88 2.500000
89 89 2.500000
90 90 2.500000
91 91 2.500000
92 92 2.500000
93 93 2.500000
94 94 2.500000
95 95 2.500000
96 96 2.500000
97 97 2.500000
98 98 2.500000
99 99 2.500000
100 100 2.500000
101 101 2.500000
102 102 2.500000
103 103 2.500000
104 104 2.500000
105 105 2.500000
106 106 2.500000
107 107 2.500000
108 108 2.500000
109 109 2.500000
110 110 2.500000
111 111 2.500000
112 112 2.500000
113 113 2.500000
114 114 2.500000
115 115 2.500000
116 116 2.500000
117 117 2.500000
118 118 2.500000
119 119 2.500000
120 120 2.500000
121 121 2.500000
122 122 2.500000
123 123 2.500000
124 124 2.500000
125 125 2.500000
126 126 2.500000
127 127 2.500000
128 128 2.500000
129 129 2.500000
130 130 2.500000
131 131 2.500000
132 132 2.500000
133 133 2.500000
134 134 2.500000
135 135 2.500000
136 136 2.500000
137 137 2.500000
138 138 2.500000
139 139 2.500000
140 140 2.500000
141 141 2.500000
142 142 2.500000
143 143 2.500000
144 144 2.500000
145 145 2.500000
146 146 2.500000
147 147 2.500000
148 148 2.500000
149 149 2.500000
150 150 2.500000
151 151 2.500000
152 152 2.500000
153 153 2.500000
154 154 2.500000
155 155 2.500000
156 156 2.500000
157 157 2.500000
158 158 2.500000
159 159 2.500000
160 160 2.500000
161 161 2.500000
162 162 2.500000
163 163 2.500000
164 164 2.500000
165 165 2.500000
166 166 2.500000
167 167 2.500000
168 168 2.500000
169 169 2.500000
170 170 2.500000
171 171 2.500000
172 172 2.500000
173 173 2.500000
174 174 2.500000
175 175 2.500000
176 176 2.500000
177 177 2.500000
178 178 2.500000
179 179 2.500000
180 180 2.500000
181 181 2.500000
182 182 2.500000
183 183 2.500000
184 184 2.500000
185 185 2.500000
186 186 2.500000
187 187 2.500000
188 188 2.500000
189 189 2.500000
190 190 2.500000
191 191 2.500000
192 192 2.500000
193 193 2.500000
194 194 2.500000
195 195 2.500000
196 196 2.500000
197 197 2.500000
198 198 2.500000
199 199 2.500000
200 200 2.500000
201 201 2.500000
202 202 2.500000
203 203 2.500000
204 204 2.500000
205 205 2.500000
206 206 2.500000
207 207 2.500000
208 208 2.500000
209 209 2.500000
210 210 2.500000
211 211 2.500000
212 212 2.500000
213 213 2.500000
214 214 2.500000
215 215 2.500000
216 216 2.500000
217 217 2.500000
218 218 2.500000
219 219 2.500000
220 220 2.500000
221 221 2.500000
222 222 2.500000
223 223 2.500000
224 224 2.500000
225 225 2.500000
226 226 2.500000
227 227 2.500000
228 228 2.500000
229 229 2.500000
230 230 2.500000
231 231 2.500000
232 232 2.500000
233 233 2.500000
234 234 2.500000
235 235 2.500000
236 236 2.500000
237 237 2.500000
238 238 2.500000
239 239 2.500000
240 240 2.500000
241 241 2.500000
242 242 2.500000
243 243 2.500000
244 244 2.500000
245 245 2.500000
246 246 2.500000
247 247 2.500000
248 248 2.500000
249 249 2.500000
250 250 2.500000
251 251 2.500000
252 252 2.500000
253 253 2.500000
254 254 2.500000
255 255 2.500000
256 256 2.500000
257 257 2.500000
258 258 2.500000
259 259 2.500000
260 260 2.500000
261 261 2.500000
262 262 2.500000
263 263 2.500000
264 264 2.500000
265 265 2.500000
266 266 2.500000
267 267 2.500000
268 268 2.500000
269 269 2.500000
270 270 2.500000
271 271 2.500000
272 272 2.500000
273 273 2.500000
274 274 2.500000
275 275 2.500000
276 276 2.500000
277 277 2.500000
278 278 2.500000
279 279 2.500000
280 280 2.500000
281 281 2.500000
282 282 2.500000
283 283 2.500000
284 284 2.500000
285 285 2.500000
286 286 2.500000
287 287 2.500000
288 288 2.500000
289 289 2.500000
290 290 2.500000
291 291 2.500000
292 292 2.500000
293 293 2.500000
294 294 2.500000
295 295 2.500000
296 296 2.500000
297 297 2.500000
298 298 2.500000
299 299 2.500000
300 300 2.500000
301 301 2.500000
302 302 2.500000
303 303 2.500000
304 304 2.500000
305 305 2.500000
306 306 2.500000
307 307 2.500000
308 308 2.500000
309 309 2.500000
310 310 2.500000
311 311 2.500000
312 312 2.500000
313 313 2.500000
314 314 2.500000
315 315 2.500000
316 316 2.500000
317 317 2.500000
318 318 2.500000
319 319 2.500000
320 320 2.500000
321 321 2.500000
322 322 2.500000
323 323 2.500000
324 324 2.500000
325 325 2.500000
326 326 2.500000
327 327 2.500000
328 328 2.500000
329 329 2.500000
330 330 2.500000
331 331 2.500000
332 332 2.500000
333 333 2.500000
334 334 2.500000
335 335 2.500000
336 336 2.500000
337 337 2.500000
338 338 2.500000
339 339 2.500000
340 340 2.500000
341 341 2.500000
342 342 2.500000
343 343 2.500000
344 344 2.500000
345 345 2.500000
346 346 2.500000
347 347 2.500000
348 348 2.500000
349 349 2.500000
350 350 2.500000
351 351 2.500000
352 352 2.500000
353 353 2.500000
354 354 2.500000
355 355 2.500000
356 356 2.500000
357 357 2.500000
358 358 2.500000
359 359 2.500000
360 360 2.500000
361 361 2.500000
362 362 2.500000
363 363 2.500000
364 364 2.500000
365 365 2.500000
366 366 2.500000
367 367 2.500000
368 368 2.500000
369 369 2.500000
370 370 2.500000
371 371 2.500000
372 372 2.500000
373 373 2.500000
374 374 2.500000
375 375 2.500000
376 376 2.500000
377 377 2.500000
378 378 2.500000
379 379 2.500000
380 380 2.500000
381 381 2.500000
382 382 2.500000
383 383 2.500000
384 384 2.500000
385 385 2.500000
386 386 2.500000
387 387 2.500000
388 388 2.500000
389 389 2.500000
390 390 2.500000
391 391 2.500000
392 392 2.500000
393 393 2.500000
394 394 2.500000
395 395 2.500000
396 396 2.500000
397 397 2.500000
398 398 2.500000
399 399 2.500000
400 400 2.500000
401 401 2.500000
402 402 2.500000
403 403 2.500000
404 404 2.500000
405 405 2.500000
406 406 2.500000
407 407 2.500000
408 408 2.500000
409 409 2.500000
410 410 2.500000
411 411 2.500000
412 412 2.500000
413 413 2.500000
414 414 2.500000
415 415 2.500000
416 416 2.500000
417 417 2.500000
418 418 2.500000
419 419 2.500000
420 420 2.500000
421 421 2.500000
422 422 2.500000
423 423 2.500000
424 424 2.500000
425 425 2.500000
426 426 2.500000
427 427 2.500000
428 428 2.500000
429 429 2.500000
430 430 2.500000
431 431 2.500000
432 432 2.500000
433 433 2.500000
434 434 2.500000
435 435 2.500000
436 436 2.500000
437 437 2.500000
438 438 2.500000
439 439 2.500000
440 440 2.500000
441 441 2.500000
442 442 2.500000
443 443 2.500000
444 444 2.500000
445 445 2.500000
446 446 2.500000
447 447 2.500000
448 448 2.500000
449 449 2.500000
450 450 2.500000
451 451 2.500000
452 452 2.500000
453 453 2.500000
454 454 2.500000
455 455 2.500000
456 456 2.500000
457 457 2.500000
458 458 2.500000
459 459 2.500000
460 460 2.500000
461 461 2.500000
462 462 2.500000
463 463 2.500000
464 464 2.500000
465 465 2.500000
466 466 2.500000
467 467 2.500000
468 468 2.500000
469 469 2.500000
470 470 2.500000
471 471 2.500000
472 472 2.500000
473 473 2.500000
474 474 2.500000
475 475 2.500000
476 476 2.500000
477 477 2.500000
478 478 2.500000
479 479 2.500000
480 480 2.500000
481 481 2.500000
