solid Created by Gmsh
facet normal 0.258036 0.965982 0.0172065
  outer loop
    vertex -5.1687 -14.0814 5.67672
    vertex -3.14069 -14.6675 8.17138
    vertex -2.34448 -14.8156 4.54719
  endloop
endfacet
facet normal 0.893332 0.447361 -0.0427343
  outer loop
    vertex -14.1512 -4.97435 43.969
    vertex -12.4492 -8.36757 44.025
    vertex -13.4286 -6.6837 41.1791
  endloop
endfacet
facet normal 0.447361 0.893332 -0.0427343
  outer loop
    vertex -8.36757 -12.4492 44.025
    vertex -4.97435 -14.1512 43.969
    vertex -6.6837 -13.4286 41.1791
  endloop
endfacet
facet normal 0.956608 0.290184 0.0263533
  outer loop
    vertex -14.7118 -2.92635 0
    vertex -14.3356 -4.41497 2.73475
    vertex -13.8582 -5.74025 0
  endloop
endfacet
facet normal 0.956599 0.290181 -0.0266951
  outer loop
    vertex -14.4343 -4.08055 47.3968
    vertex -14.7118 -2.92635 50
    vertex -13.8582 -5.74025 50
  endloop
endfacet
facet normal 0.29017 0.956563 0.0280743
  outer loop
    vertex -4.10542 -14.4272 2.49193
    vertex -2.92635 -14.7118 0
    vertex -5.74025 -13.8582 0
  endloop
endfacet
facet normal 0.290181 0.956599 -0.0266951
  outer loop
    vertex -2.92635 -14.7118 50
    vertex -4.08055 -14.4343 47.3968
    vertex -5.74025 -13.8582 50
  endloop
endfacet
facet normal 0.88169 0.471273 -0.0229128
  outer loop
    vertex -13.3072 -6.92229 46.8896
    vertex -13.8582 -5.74025 50
    vertex -12.472 -8.33355 50
  endloop
endfacet
facet normal 0.471273 0.88169 -0.0229128
  outer loop
    vertex -5.74025 -13.8582 50
    vertex -6.92229 -13.3072 46.8896
    vertex -8.33355 -12.472 50
  endloop
endfacet
facet normal 0.242403 0.969869 -0.0244066
  outer loop
    vertex -2.34448 -14.8156 4.54719
    vertex -4.10542 -14.4272 2.49193
    vertex -5.1687 -14.0814 5.67672
  endloop
endfacet
facet normal 0.930837 0.36448 0.0263768
  outer loop
    vertex -14.4343 -4.08055 47.3968
    vertex -13.8582 -5.74025 50
    vertex -13.3072 -6.92229 46.8896
  endloop
endfacet
facet normal 0.92812 0.371729 -0.0202685
  outer loop
    vertex -13.3072 -6.92229 46.8896
    vertex -14.1512 -4.97435 43.969
    vertex -14.4343 -4.08055 47.3968
  endloop
endfacet
facet normal 0.36448 0.930837 0.0263768
  outer loop
    vertex -5.74025 -13.8582 50
    vertex -4.08055 -14.4343 47.3968
    vertex -6.92229 -13.3072 46.8896
  endloop
endfacet
facet normal 0.371729 0.92812 -0.0202685
  outer loop
    vertex -4.97435 -14.1512 43.969
    vertex -6.92229 -13.3072 46.8896
    vertex -4.08055 -14.4343 47.3968
  endloop
endfacet
facet normal 0.892837 0.448498 0.0411295
  outer loop
    vertex -13.3072 -6.92229 46.8896
    vertex -12.4492 -8.36757 44.025
    vertex -14.1512 -4.97435 43.969
  endloop
endfacet
facet normal 0.448498 0.892837 0.0411295
  outer loop
    vertex -8.36757 -12.4492 44.025
    vertex -6.92229 -13.3072 46.8896
    vertex -4.97435 -14.1512 43.969
  endloop
endfacet
facet normal 0.973447 0.228717 -0.00944762
  outer loop
    vertex -14.3496 -4.36918 8.30433
    vertex -14.8322 -2.23734 10.1855
    vertex -14.2499 -4.68416 10.9526
  endloop
endfacet
facet normal 0.0996739 0.994386 0.0355162
  outer loop
    vertex -1.99784 -14.8664 40.1004
    vertex 0 -15 38.2353
    vertex -3.27422 -14.6383 37.2969
  endloop
endfacet
facet normal 0.994386 0.0996739 0.0355162
  outer loop
    vertex -15 0 38.2353
    vertex -14.8664 -1.99784 40.1004
    vertex -14.6383 -3.27422 37.2969
  endloop
endfacet
facet normal 0.86122 0.508214 0.00432282
  outer loop
    vertex -12.3078 -8.57426 40.1455
    vertex -13.4286 -6.6837 41.1791
    vertex -12.4492 -8.36757 44.025
  endloop
endfacet
facet normal 0.508214 0.86122 0.00432282
  outer loop
    vertex -6.6837 -13.4286 41.1791
    vertex -8.57426 -12.3078 40.1455
    vertex -8.36757 -12.4492 44.025
  endloop
endfacet
facet normal 0.323107 0.946325 -0.00848038
  outer loop
    vertex -5.93978 -13.7739 31.4452
    vertex -6.11977 -13.6948 33.4054
    vertex -3.51013 -14.5835 33.6656
  endloop
endfacet
facet normal 0.946325 0.323107 -0.00848038
  outer loop
    vertex -13.6948 -6.11977 33.4054
    vertex -13.7739 -5.93978 31.4452
    vertex -14.5835 -3.51013 33.6656
  endloop
endfacet
facet normal 0.868804 0.495102 0.00724701
  outer loop
    vertex -13.7171 -6.06971 35.5639
    vertex -13.6172 -6.29063 38.6805
    vertex -12.2728 -8.62435 36.9389
  endloop
endfacet
facet normal 0.495102 0.868804 0.00724701
  outer loop
    vertex -6.29063 -13.6172 38.6805
    vertex -6.06971 -13.7171 35.5639
    vertex -8.62435 -12.2728 36.9389
  endloop
endfacet
facet normal 0.929695 0.368126 -0.0122493
  outer loop
    vertex -13.6172 -6.29063 38.6805
    vertex -14.3498 -4.36858 40.8436
    vertex -13.4286 -6.6837 41.1791
  endloop
endfacet
facet normal 0.943303 0.330962 0.025381
  outer loop
    vertex -14.3498 -4.36858 40.8436
    vertex -13.6172 -6.29063 38.6805
    vertex -14.6383 -3.27422 37.2969
  endloop
endfacet
facet normal 0.368126 0.929695 -0.0122493
  outer loop
    vertex -4.36858 -14.3498 40.8436
    vertex -6.29063 -13.6172 38.6805
    vertex -6.6837 -13.4286 41.1791
  endloop
endfacet
facet normal 0.330962 0.943303 0.025381
  outer loop
    vertex -6.29063 -13.6172 38.6805
    vertex -4.36858 -14.3498 40.8436
    vertex -3.27422 -14.6383 37.2969
  endloop
endfacet
facet normal 0.0782843 0.996931 -0
  outer loop
    vertex 0 -15 8.82353
    vertex -2.34132 -14.8161 10.7693
    vertex 0 -15 11.7647
  endloop
endfacet
facet normal 0.9972 0.0747873 0
  outer loop
    vertex -14.8322 -2.23734 10.1855
    vertex -15 0 8.82353
    vertex -15 0 11.7647
  endloop
endfacet
facet normal 0.0667436 0.99777 0
  outer loop
    vertex -1.99784 -14.8664 40.1004
    vertex 0 -15 41.1765
    vertex 0 -15 38.2353
  endloop
endfacet
facet normal 0.99777 0.0667436 0
  outer loop
    vertex -15 0 41.1765
    vertex -14.8664 -1.99784 40.1004
    vertex -15 0 38.2353
  endloop
endfacet
facet normal 0.643433 0.765502 -7.8852e-14
  outer loop
    vertex -10.6066 -10.6066 38.5051
    vertex -8.62435 -12.2728 36.9389
    vertex -10.6066 -10.6066 34.9584
  endloop
endfacet
facet normal 0.765502 0.643433 7.95427e-14
  outer loop
    vertex -12.2728 -8.62435 36.9389
    vertex -10.6066 -10.6066 38.5051
    vertex -10.6066 -10.6066 34.9584
  endloop
endfacet
facet normal 0.208311 0.977943 -0.0152821
  outer loop
    vertex -1.99784 -14.8664 40.1004
    vertex -3.27422 -14.6383 37.2969
    vertex -4.36858 -14.3498 40.8436
  endloop
endfacet
facet normal 0.977943 0.208311 -0.0152821
  outer loop
    vertex -14.6383 -3.27422 37.2969
    vertex -14.8664 -1.99784 40.1004
    vertex -14.3498 -4.36858 40.8436
  endloop
endfacet
facet normal 0.4785 0.878046 0.00854055
  outer loop
    vertex -5.93978 -13.7739 31.4452
    vertex -8.19214 -12.5654 33.3962
    vertex -6.11977 -13.6948 33.4054
  endloop
endfacet
facet normal 0.878046 0.4785 0.00854055
  outer loop
    vertex -12.5654 -8.19214 33.3962
    vertex -13.7739 -5.93978 31.4452
    vertex -13.6948 -6.11977 33.4054
  endloop
endfacet
facet normal 0.47399 0.88035 0.0178075
  outer loop
    vertex -5.93978 -13.7739 31.4452
    vertex -5.43971 -13.9789 28.2713
    vertex -8.47211 -12.3783 29.8594
  endloop
endfacet
facet normal 0.638693 0.769461 -1.15024e-14
  outer loop
    vertex -10.6066 -10.6066 31.4148
    vertex -8.47211 -12.3783 29.8594
    vertex -10.6066 -10.6066 28.0423
  endloop
endfacet
facet normal 0.634615 0.772772 -0.00936808
  outer loop
    vertex -10.6066 -10.6066 31.4148
    vertex -8.19214 -12.5654 33.3962
    vertex -8.47211 -12.3783 29.8594
  endloop
endfacet
facet normal 0.478511 0.87804 0.00855586
  outer loop
    vertex -8.47211 -12.3783 29.8594
    vertex -8.19214 -12.5654 33.3962
    vertex -5.93978 -13.7739 31.4452
  endloop
endfacet
facet normal 0.880349 0.473993 0.0178016
  outer loop
    vertex -13.9788 -5.43989 28.2716
    vertex -13.7739 -5.93978 31.4452
    vertex -12.3783 -8.47211 29.8594
  endloop
endfacet
facet normal 0.769461 0.638693 1.15347e-14
  outer loop
    vertex -12.3783 -8.47211 29.8594
    vertex -10.6066 -10.6066 31.4148
    vertex -10.6066 -10.6066 28.0423
  endloop
endfacet
facet normal 0.772772 0.634615 -0.00936808
  outer loop
    vertex -12.5654 -8.19214 33.3962
    vertex -10.6066 -10.6066 31.4148
    vertex -12.3783 -8.47211 29.8594
  endloop
endfacet
facet normal 0.87804 0.478511 0.00855586
  outer loop
    vertex -12.5654 -8.19214 33.3962
    vertex -12.3783 -8.47211 29.8594
    vertex -13.7739 -5.93978 31.4452
  endloop
endfacet
facet normal 0.638661 0.769465 0.00600583
  outer loop
    vertex -8.33142 -12.4735 16.2233
    vertex -10.766 -10.4448 15.2001
    vertex -10.6066 -10.6066 18.9837
  endloop
endfacet
facet normal 0.784815 0.619696 -0.00655838
  outer loop
    vertex -10.766 -10.4448 15.2001
    vertex -12.7126 -7.96171 16.8766
    vertex -10.6066 -10.6066 18.9837
  endloop
endfacet
facet normal 0.614442 0.78838 -0.0303005
  outer loop
    vertex -8.68381 -12.2308 9.76921
    vertex -10.3934 -10.8156 11.9221
    vertex -7.79626 -12.8148 12.5719
  endloop
endfacet
facet normal 0.759941 0.649953 -0.00719493
  outer loop
    vertex -10.3934 -10.8156 11.9221
    vertex -12.2087 -8.71483 9.96173
    vertex -12.3572 -8.50293 13.417
  endloop
endfacet
facet normal 0.6353 0.772144 0.0137278
  outer loop
    vertex -8.19214 -12.5654 33.3962
    vertex -10.6066 -10.6066 34.9584
    vertex -8.62435 -12.2728 36.9389
  endloop
endfacet
facet normal 0.478553 0.878056 -0.00204336
  outer loop
    vertex -8.19214 -12.5654 33.3962
    vertex -6.06971 -13.7171 35.5639
    vertex -6.11977 -13.6948 33.4054
  endloop
endfacet
facet normal 0.48692 0.873354 -0.0127339
  outer loop
    vertex -8.19214 -12.5654 33.3962
    vertex -8.62435 -12.2728 36.9389
    vertex -6.06971 -13.7171 35.5639
  endloop
endfacet
facet normal 0.772144 0.6353 0.0137278
  outer loop
    vertex -10.6066 -10.6066 34.9584
    vertex -12.5654 -8.19214 33.3962
    vertex -12.2728 -8.62435 36.9389
  endloop
endfacet
facet normal 0.878056 0.478553 -0.00204336
  outer loop
    vertex -13.7171 -6.06971 35.5639
    vertex -12.5654 -8.19214 33.3962
    vertex -13.6948 -6.11977 33.4054
  endloop
endfacet
facet normal 0.873354 0.48692 -0.0127339
  outer loop
    vertex -12.2728 -8.62435 36.9389
    vertex -12.5654 -8.19214 33.3962
    vertex -13.7171 -6.06971 35.5639
  endloop
endfacet
facet normal 0.779121 0.626874 -2.91682e-07
  outer loop
    vertex -10.6066 -10.6066 18.9837
    vertex -12.6312 -8.09031 20.6893
    vertex -10.6066 -10.6066 21.9761
  endloop
endfacet
facet normal 0.78057 0.625052 0.00440712
  outer loop
    vertex -10.6066 -10.6066 18.9837
    vertex -12.7126 -7.96171 16.8766
    vertex -12.6312 -8.09031 20.6893
  endloop
endfacet
facet normal 0.894306 0.447438 -0.00401336
  outer loop
    vertex -12.7126 -7.96171 16.8766
    vertex -14.0257 -5.31785 19.0389
    vertex -12.6312 -8.09031 20.6893
  endloop
endfacet
facet normal 0.624562 0.780975 2.99661e-07
  outer loop
    vertex -8.01532 -12.6789 20.3198
    vertex -10.6066 -10.6066 18.9837
    vertex -10.6066 -10.6066 21.9761
  endloop
endfacet
facet normal 0.627478 0.778578 -0.0093736
  outer loop
    vertex -8.33142 -12.4735 16.2233
    vertex -10.6066 -10.6066 18.9837
    vertex -8.01532 -12.6789 20.3198
  endloop
endfacet
facet normal 0.635335 0.771713 0.0284429
  outer loop
    vertex -8.01532 -12.6789 20.3198
    vertex -10.6066 -10.6066 21.9761
    vertex -8.82792 -12.1272 23.5009
  endloop
endfacet
facet normal 0.771675 0.635384 0.0283571
  outer loop
    vertex -10.6066 -10.6066 21.9761
    vertex -12.6312 -8.09031 20.6893
    vertex -12.1271 -8.82798 23.5006
  endloop
endfacet
facet normal 0.622037 0.782988 -3.31862e-08
  outer loop
    vertex -10.6066 -10.6066 28.0423
    vertex -7.93327 -12.7304 26.1801
    vertex -10.6066 -10.6066 25.0091
  endloop
endfacet
facet normal 0.62954 0.776762 0.0178703
  outer loop
    vertex -10.6066 -10.6066 28.0423
    vertex -8.47211 -12.3783 29.8594
    vertex -7.93327 -12.7304 26.1801
  endloop
endfacet
facet normal 0.459454 0.888026 -0.0176849
  outer loop
    vertex -8.47211 -12.3783 29.8594
    vertex -5.43971 -13.9789 28.2713
    vertex -7.93327 -12.7304 26.1801
  endloop
endfacet
facet normal 0.782987 0.622038 3.31859e-08
  outer loop
    vertex -12.7304 -7.9333 26.1799
    vertex -10.6066 -10.6066 28.0423
    vertex -10.6066 -10.6066 25.0091
  endloop
endfacet
facet normal 0.776762 0.629541 0.0178689
  outer loop
    vertex -12.3783 -8.47211 29.8594
    vertex -10.6066 -10.6066 28.0423
    vertex -12.7304 -7.9333 26.1799
  endloop
endfacet
facet normal 0.888022 0.459462 -0.0176821
  outer loop
    vertex -13.9788 -5.43989 28.2716
    vertex -12.3783 -8.47211 29.8594
    vertex -12.7304 -7.9333 26.1799
  endloop
endfacet
facet normal 0.631352 0.774641 -0.0364046
  outer loop
    vertex -10.6066 -10.6066 25.0091
    vertex -7.93327 -12.7304 26.1801
    vertex -8.82792 -12.1272 23.5009
  endloop
endfacet
facet normal 0.774642 0.631352 -0.0364022
  outer loop
    vertex -12.7304 -7.9333 26.1799
    vertex -10.6066 -10.6066 25.0091
    vertex -12.1271 -8.82798 23.5006
  endloop
endfacet
facet normal 0.996143 0.0877484 0
  outer loop
    vertex -15 0 20.5882
    vertex -14.769 -2.6223 19.0415
    vertex -15 0 17.6471
  endloop
endfacet
facet normal 0.963873 0.265805 -0.0172262
  outer loop
    vertex -14.0257 -5.31785 19.0389
    vertex -14.651 -3.21694 16.4699
    vertex -14.769 -2.6223 19.0415
  endloop
endfacet
facet normal 0.994765 0.0996514 0.0226119
  outer loop
    vertex -14.651 -3.21694 16.4699
    vertex -15 0 17.6471
    vertex -14.769 -2.6223 19.0415
  endloop
endfacet
facet normal 0.0954344 0.995436 0
  outer loop
    vertex -2.84996 -14.7268 19.1317
    vertex 0 -15 20.5882
    vertex 0 -15 17.6471
  endloop
endfacet
facet normal 0.0947151 0.995503 -0.00139322
  outer loop
    vertex 0 -15 17.6471
    vertex -2.80489 -14.7354 16.0145
    vertex -2.84996 -14.7268 19.1317
  endloop
endfacet
facet normal 0.995288 0.0969649 0
  outer loop
    vertex -15 0 32.3529
    vertex -14.7179 -2.89524 30.2115
    vertex -15 0 29.4118
  endloop
endfacet
facet normal 0.99366 0.110816 -0.0189414
  outer loop
    vertex -14.7179 -2.89524 30.2115
    vertex -15 0 32.3529
    vertex -14.5835 -3.51013 33.6656
  endloop
endfacet
facet normal 0.956835 0.290185 -0.0160907
  outer loop
    vertex -14.7179 -2.89524 30.2115
    vertex -13.7739 -5.93978 31.4452
    vertex -13.9788 -5.43989 28.2716
  endloop
endfacet
facet normal 0.953062 0.302314 0.0167289
  outer loop
    vertex -14.7179 -2.89524 30.2115
    vertex -14.5835 -3.51013 33.6656
    vertex -13.7739 -5.93978 31.4452
  endloop
endfacet
facet normal 0.0969616 0.995288 0
  outer loop
    vertex -2.89514 -14.718 30.2114
    vertex 0 -15 32.3529
    vertex 0 -15 29.4118
  endloop
endfacet
facet normal 0.110816 0.99366 -0.0189432
  outer loop
    vertex 0 -15 32.3529
    vertex -2.89514 -14.718 30.2114
    vertex -3.51013 -14.5835 33.6656
  endloop
endfacet
facet normal 0.29018 0.956837 -0.0160954
  outer loop
    vertex -5.93978 -13.7739 31.4452
    vertex -2.89514 -14.718 30.2114
    vertex -5.43971 -13.9789 28.2713
  endloop
endfacet
facet normal 0.302312 0.953062 0.0167312
  outer loop
    vertex -3.51013 -14.5835 33.6656
    vertex -2.89514 -14.718 30.2114
    vertex -5.93978 -13.7739 31.4452
  endloop
endfacet
facet normal 0.0939115 0.995581 -0
  outer loop
    vertex 0 -15 14.7059
    vertex -2.80489 -14.7354 16.0145
    vertex 0 -15 17.6471
  endloop
endfacet
facet normal 0.0924729 0.99571 -0.0031096
  outer loop
    vertex 0 -15 14.7059
    vertex -2.71445 -14.7523 13.2836
    vertex -2.80489 -14.7354 16.0145
  endloop
endfacet
facet normal 0.276929 0.960885 0.00321486
  outer loop
    vertex -2.71445 -14.7523 13.2836
    vertex -5.51038 -13.9512 14.6692
    vertex -2.80489 -14.7354 16.0145
  endloop
endfacet
facet normal 0.994166 0.107861 0
  outer loop
    vertex -14.651 -3.21694 16.4699
    vertex -15 0 14.7059
    vertex -15 0 17.6471
  endloop
endfacet
facet normal 0.995187 0.0951781 -0.0233299
  outer loop
    vertex -14.7988 -2.44859 13.2992
    vertex -15 0 14.7059
    vertex -14.651 -3.21694 16.4699
  endloop
endfacet
facet normal 0.961667 0.273383 0.0214164
  outer loop
    vertex -13.9474 -5.5199 14.2755
    vertex -14.7988 -2.44859 13.2992
    vertex -14.651 -3.21694 16.4699
  endloop
endfacet
facet normal 0.117825 0.993034 0
  outer loop
    vertex -3.51013 -14.5835 33.6656
    vertex 0 -15 35.2941
    vertex 0 -15 32.3529
  endloop
endfacet
facet normal 0.322155 0.946684 0.00229185
  outer loop
    vertex -6.11977 -13.6948 33.4054
    vertex -6.06971 -13.7171 35.5639
    vertex -3.51013 -14.5835 33.6656
  endloop
endfacet
facet normal 0.993034 0.117825 0
  outer loop
    vertex -15 0 35.2941
    vertex -14.5835 -3.51013 33.6656
    vertex -15 0 32.3529
  endloop
endfacet
facet normal 0.946684 0.322155 0.00229185
  outer loop
    vertex -13.7171 -6.06971 35.5639
    vertex -13.6948 -6.11977 33.4054
    vertex -14.5835 -3.51013 33.6656
  endloop
endfacet
facet normal 0.0908576 0.995864 -0
  outer loop
    vertex 0 -15 11.7647
    vertex -2.71445 -14.7523 13.2836
    vertex 0 -15 14.7059
  endloop
endfacet
facet normal 0.0837107 0.996407 -0.0128611
  outer loop
    vertex -2.34132 -14.8161 10.7693
    vertex -2.71445 -14.7523 13.2836
    vertex 0 -15 11.7647
  endloop
endfacet
facet normal 0.996641 0.0818948 0
  outer loop
    vertex -14.7988 -2.44859 13.2992
    vertex -15 0 11.7647
    vertex -15 0 14.7059
  endloop
endfacet
facet normal 0.996896 0.0785525 -0.00536663
  outer loop
    vertex -14.7988 -2.44859 13.2992
    vertex -14.8322 -2.23734 10.1855
    vertex -15 0 11.7647
  endloop
endfacet
facet normal 0.965226 0.260459 -0.0223435
  outer loop
    vertex -14.7988 -2.44859 13.2992
    vertex -13.9474 -5.5199 14.2755
    vertex -14.2499 -4.68416 10.9526
  endloop
endfacet
facet normal 0.972432 0.233125 0.00538312
  outer loop
    vertex -14.7988 -2.44859 13.2992
    vertex -14.2499 -4.68416 10.9526
    vertex -14.8322 -2.23734 10.1855
  endloop
endfacet
facet normal 0.109805 0.993953 -0
  outer loop
    vertex 0 -15 35.2941
    vertex -3.27422 -14.6383 37.2969
    vertex 0 -15 38.2353
  endloop
endfacet
facet normal 0.114365 0.99341 0.00755364
  outer loop
    vertex -3.27422 -14.6383 37.2969
    vertex 0 -15 35.2941
    vertex -3.51013 -14.5835 33.6656
  endloop
endfacet
facet normal 0.317378 0.948266 -0.00789802
  outer loop
    vertex -3.27422 -14.6383 37.2969
    vertex -6.06971 -13.7171 35.5639
    vertex -6.29063 -13.6172 38.6805
  endloop
endfacet
facet normal 0.316462 0.948585 -0.00625169
  outer loop
    vertex -3.27422 -14.6383 37.2969
    vertex -3.51013 -14.5835 33.6656
    vertex -6.06971 -13.7171 35.5639
  endloop
endfacet
facet normal 0.993953 0.109805 0
  outer loop
    vertex -14.6383 -3.27422 37.2969
    vertex -15 0 35.2941
    vertex -15 0 38.2353
  endloop
endfacet
facet normal 0.99341 0.114365 0.00755364
  outer loop
    vertex -15 0 35.2941
    vertex -14.6383 -3.27422 37.2969
    vertex -14.5835 -3.51013 33.6656
  endloop
endfacet
facet normal 0.948266 0.317378 -0.00789802
  outer loop
    vertex -13.7171 -6.06971 35.5639
    vertex -14.6383 -3.27422 37.2969
    vertex -13.6172 -6.29063 38.6805
  endloop
endfacet
facet normal 0.948585 0.316462 -0.00625169
  outer loop
    vertex -14.5835 -3.51013 33.6656
    vertex -14.6383 -3.27422 37.2969
    vertex -13.7171 -6.06971 35.5639
  endloop
endfacet
facet normal 0.0998615 0.994657 0.0261778
  outer loop
    vertex -3.14069 -14.6675 8.17138
    vertex -2.34132 -14.8161 10.7693
    vertex 0 -15 8.82353
  endloop
endfacet
facet normal 0.456957 0.889342 -0.0161553
  outer loop
    vertex -5.51038 -13.9512 14.6692
    vertex -7.79626 -12.8148 12.5719
    vertex -8.33142 -12.4735 16.2233
  endloop
endfacet
facet normal 0.766805 0.641714 0.0145673
  outer loop
    vertex -12.3572 -8.50293 13.417
    vertex -10.766 -10.4448 15.2001
    vertex -10.3934 -10.8156 11.9221
  endloop
endfacet
facet normal 0.781136 0.624119 -0.0173823
  outer loop
    vertex -10.766 -10.4448 15.2001
    vertex -12.3572 -8.50293 13.417
    vertex -12.7126 -7.96171 16.8766
  endloop
endfacet
facet normal 0.88443 0.466328 0.0179165
  outer loop
    vertex -12.3572 -8.50293 13.417
    vertex -13.9474 -5.5199 14.2755
    vertex -12.7126 -7.96171 16.8766
  endloop
endfacet
facet normal 0.630017 0.776581 -3.41857e-14
  outer loop
    vertex -10.6066 -10.6066 34.9584
    vertex -8.19214 -12.5654 33.3962
    vertex -10.6066 -10.6066 31.4148
  endloop
endfacet
facet normal 0.776581 0.630017 3.34558e-14
  outer loop
    vertex -12.5654 -8.19214 33.3962
    vertex -10.6066 -10.6066 34.9584
    vertex -10.6066 -10.6066 31.4148
  endloop
endfacet
facet normal 0.863482 0.504182 0.0141514
  outer loop
    vertex -12.3078 -8.57426 40.1455
    vertex -13.6172 -6.29063 38.6805
    vertex -13.4286 -6.6837 41.1791
  endloop
endfacet
facet normal 0.867042 0.498232 0.00169361
  outer loop
    vertex -12.2728 -8.62435 36.9389
    vertex -13.6172 -6.29063 38.6805
    vertex -12.3078 -8.57426 40.1455
  endloop
endfacet
facet normal 0.766812 0.641872 1.08097e-13
  outer loop
    vertex -10.6066 -10.6066 42.3319
    vertex -10.6066 -10.6066 38.5051
    vertex -12.3078 -8.57426 40.1455
  endloop
endfacet
facet normal 0.766149 0.642661 -0.00166512
  outer loop
    vertex -12.2728 -8.62435 36.9389
    vertex -12.3078 -8.57426 40.1455
    vertex -10.6066 -10.6066 38.5051
  endloop
endfacet
facet normal 0.504182 0.863482 0.0141514
  outer loop
    vertex -6.29063 -13.6172 38.6805
    vertex -8.57426 -12.3078 40.1455
    vertex -6.6837 -13.4286 41.1791
  endloop
endfacet
facet normal 0.498232 0.867042 0.00169361
  outer loop
    vertex -6.29063 -13.6172 38.6805
    vertex -8.62435 -12.2728 36.9389
    vertex -8.57426 -12.3078 40.1455
  endloop
endfacet
facet normal 0.641872 0.766812 -1.08751e-13
  outer loop
    vertex -10.6066 -10.6066 38.5051
    vertex -10.6066 -10.6066 42.3319
    vertex -8.57426 -12.3078 40.1455
  endloop
endfacet
facet normal 0.642661 0.766149 -0.00166512
  outer loop
    vertex -8.57426 -12.3078 40.1455
    vertex -8.62435 -12.2728 36.9389
    vertex -10.6066 -10.6066 38.5051
  endloop
endfacet
facet normal 0.871958 0.489577 -0.00173448
  outer loop
    vertex -12.2628 -8.63854 4.67433
    vertex -13.7663 -5.95731 5.63906
    vertex -12.2397 -8.67125 7.0587
  endloop
endfacet
facet normal 0.761423 0.648254 0.00151394
  outer loop
    vertex -10.4889 -10.723 5.06793
    vertex -12.2628 -8.63854 4.67433
    vertex -12.2397 -8.67125 7.0587
  endloop
endfacet
facet normal 0.86709 0.497213 -0.0305447
  outer loop
    vertex -12.2628 -8.63854 4.67433
    vertex -13.1364 -7.24116 2.62041
    vertex -13.7663 -5.95731 5.63906
  endloop
endfacet
facet normal 0.920628 0.389546 0.0264175
  outer loop
    vertex -13.1364 -7.24116 2.62041
    vertex -14.3356 -4.41497 2.73475
    vertex -13.7663 -5.95731 5.63906
  endloop
endfacet
facet normal 0.877497 0.478212 -0.0362191
  outer loop
    vertex -13.3516 -6.83634 11.3302
    vertex -13.9474 -5.5199 14.2755
    vertex -12.3572 -8.50293 13.417
  endloop
endfacet
facet normal 0.921915 0.387158 0.0134645
  outer loop
    vertex -13.9474 -5.5199 14.2755
    vertex -13.3516 -6.83634 11.3302
    vertex -14.2499 -4.68416 10.9526
  endloop
endfacet
facet normal 0.42554 0.904557 0.0263316
  outer loop
    vertex -5.51038 -13.9512 14.6692
    vertex -4.66767 -14.2553 11.4964
    vertex -7.79626 -12.8148 12.5719
  endloop
endfacet
facet normal 0.890154 0.45563 0.0051557
  outer loop
    vertex -13.9474 -5.5199 14.2755
    vertex -13.8978 -5.64361 16.6452
    vertex -12.7126 -7.96171 16.8766
  endloop
endfacet
facet normal 0.954789 0.297097 0.0105755
  outer loop
    vertex -14.0257 -5.31785 19.0389
    vertex -13.8978 -5.64361 16.6452
    vertex -14.651 -3.21694 16.4699
  endloop
endfacet
facet normal 0.890859 0.454058 -0.0142011
  outer loop
    vertex -13.8978 -5.64361 16.6452
    vertex -14.0257 -5.31785 19.0389
    vertex -12.7126 -7.96171 16.8766
  endloop
endfacet
facet normal 0.955142 0.296115 -0.00453221
  outer loop
    vertex -13.8978 -5.64361 16.6452
    vertex -13.9474 -5.5199 14.2755
    vertex -14.651 -3.21694 16.4699
  endloop
endfacet
facet normal 0.464019 0.885825 8.02524e-06
  outer loop
    vertex -5.51061 -13.9511 17.8515
    vertex -5.51038 -13.9512 14.6692
    vertex -8.33142 -12.4735 16.2233
  endloop
endfacet
facet normal 0.278409 0.960463 -7.09906e-06
  outer loop
    vertex -5.51038 -13.9512 14.6692
    vertex -5.51061 -13.9511 17.8515
    vertex -2.80489 -14.7354 16.0145
  endloop
endfacet
facet normal 0.931028 0.364695 -0.013552
  outer loop
    vertex -13.4522 -6.63608 8.94828
    vertex -13.7663 -5.95731 5.63906
    vertex -14.3496 -4.36918 8.30433
  endloop
endfacet
facet normal 0.866919 0.498051 0.0198851
  outer loop
    vertex -13.7663 -5.95731 5.63906
    vertex -13.4522 -6.63608 8.94828
    vertex -12.2397 -8.67125 7.0587
  endloop
endfacet
facet normal 0.996793 0.0800254 0
  outer loop
    vertex -14.8079 -2.39306 5.84487
    vertex -15 0 5.88235
    vertex -15 0 8.82353
  endloop
endfacet
facet normal 0.0739454 0.997262 0
  outer loop
    vertex -2.21229 -14.836 42.6004
    vertex 0 -15 44.1176
    vertex 0 -15 41.1765
  endloop
endfacet
facet normal 0.997262 0.0739454 0
  outer loop
    vertex -15 0 44.1176
    vertex -14.836 -2.21229 42.6004
    vertex -15 0 41.1765
  endloop
endfacet
facet normal 0.847701 0.530298 -0.0136604
  outer loop
    vertex -13.3072 -6.92229 46.8896
    vertex -11.9751 -9.03306 47.6119
    vertex -12.4492 -8.36757 44.025
  endloop
endfacet
facet normal 0.530298 0.847701 -0.0136604
  outer loop
    vertex -9.03306 -11.9751 47.6119
    vertex -6.92229 -13.3072 46.8896
    vertex -8.36757 -12.4492 44.025
  endloop
endfacet
facet normal 0.855934 0.51706 0.00508074
  outer loop
    vertex -12.3572 -8.50293 13.417
    vertex -12.2087 -8.71483 9.96173
    vertex -13.3516 -6.83634 11.3302
  endloop
endfacet
facet normal 0.997526 0.0700246 -0.00612182
  outer loop
    vertex -14.836 -2.21229 42.6004
    vertex -14.8664 -1.99784 40.1004
    vertex -15 0 41.1765
  endloop
endfacet
facet normal 0.0700246 0.997526 -0.00612182
  outer loop
    vertex -1.99784 -14.8664 40.1004
    vertex -2.21229 -14.836 42.6004
    vertex 0 -15 41.1765
  endloop
endfacet
facet normal 0.997065 0.0765081 0.00284331
  outer loop
    vertex -14.8322 -2.23734 10.1855
    vertex -14.8079 -2.39306 5.84487
    vertex -15 0 8.82353
  endloop
endfacet
facet normal 0.974831 0.22293 -0.00253431
  outer loop
    vertex -14.8322 -2.23734 10.1855
    vertex -14.3496 -4.36918 8.30433
    vertex -14.8079 -2.39306 5.84487
  endloop
endfacet
facet normal 0.537958 0.842784 0.0177897
  outer loop
    vertex -6.92229 -13.3072 46.8896
    vertex -9.03306 -11.9751 47.6119
    vertex -8.33355 -12.472 50
  endloop
endfacet
facet normal 0.634196 0.772769 -0.0249686
  outer loop
    vertex -9.03306 -11.9751 47.6119
    vertex -10.6066 -10.6066 50
    vertex -8.33355 -12.472 50
  endloop
endfacet
facet normal 0.842784 0.537958 0.0177897
  outer loop
    vertex -11.9751 -9.03306 47.6119
    vertex -13.3072 -6.92229 46.8896
    vertex -12.472 -8.33355 50
  endloop
endfacet
facet normal 0.772769 0.634196 -0.0249686
  outer loop
    vertex -10.6066 -10.6066 50
    vertex -11.9751 -9.03306 47.6119
    vertex -12.472 -8.33355 50
  endloop
endfacet
facet normal 0.881598 0.471224 0.027077
  outer loop
    vertex -12.472 -8.33355 0
    vertex -13.8582 -5.74025 0
    vertex -13.1364 -7.24116 2.62041
  endloop
endfacet
facet normal 0.91975 0.391421 -0.0291407
  outer loop
    vertex -13.8582 -5.74025 0
    vertex -14.3356 -4.41497 2.73475
    vertex -13.1364 -7.24116 2.62041
  endloop
endfacet
facet normal 0.772695 0.634134 0.0285763
  outer loop
    vertex -11.5638 -9.55399 2.52372
    vertex -10.6066 -10.6066 0
    vertex -12.472 -8.33355 0
  endloop
endfacet
facet normal 0.826191 0.562828 -0.025159
  outer loop
    vertex -13.1364 -7.24116 2.62041
    vertex -11.5638 -9.55399 2.52372
    vertex -12.472 -8.33355 0
  endloop
endfacet
facet normal 0.763748 0.644978 -0.0263174
  outer loop
    vertex -12.2628 -8.63854 4.67433
    vertex -10.4889 -10.723 5.06793
    vertex -11.5638 -9.55399 2.52372
  endloop
endfacet
facet normal 0.827153 0.561178 0.0299614
  outer loop
    vertex -12.2628 -8.63854 4.67433
    vertex -11.5638 -9.55399 2.52372
    vertex -13.1364 -7.24116 2.62041
  endloop
endfacet
facet normal 0.105275 0.994443 0
  outer loop
    vertex 0 -15 8.82353
    vertex 0 -15 5.88235
    vertex -3.14069 -14.6675 8.17138
  endloop
endfacet
facet normal 0.0901878 0.995706 -0.0208835
  outer loop
    vertex 0 -15 5.88235
    vertex -2.34448 -14.8156 4.54719
    vertex -3.14069 -14.6675 8.17138
  endloop
endfacet
facet normal 0.649797 0.760108 -1.85759e-07
  outer loop
    vertex -10.6066 -10.6066 25.0091
    vertex -8.82792 -12.1272 23.5009
    vertex -10.6066 -10.6066 21.9761
  endloop
endfacet
facet normal 0.760106 0.649799 1.85755e-07
  outer loop
    vertex -12.1271 -8.82798 23.5006
    vertex -10.6066 -10.6066 25.0091
    vertex -10.6066 -10.6066 21.9761
  endloop
endfacet
facet normal 0.959593 0.277861 0.0444406
  outer loop
    vertex -14.3496 -4.36918 8.30433
    vertex -13.7663 -5.95731 5.63906
    vertex -14.8079 -2.39306 5.84487
  endloop
endfacet
facet normal 0.958569 0.28232 -0.0379622
  outer loop
    vertex -14.3356 -4.41497 2.73475
    vertex -14.8079 -2.39306 5.84487
    vertex -13.7663 -5.95731 5.63906
  endloop
endfacet
facet normal 0.509943 0.860001 -0.0189021
  outer loop
    vertex -6.43518 -13.5495 23.3398
    vertex -8.01532 -12.6789 20.3198
    vertex -8.82792 -12.1272 23.5009
  endloop
endfacet
facet normal 0.85906 0.511492 -0.0198205
  outer loop
    vertex -12.6312 -8.09031 20.6893
    vertex -13.5196 -6.49777 23.2821
    vertex -12.1271 -8.82798 23.5006
  endloop
endfacet
facet normal 0.769927 0.638104 -0.00592579
  outer loop
    vertex -10.6066 -10.6066 42.3319
    vertex -12.3078 -8.57426 40.1455
    vertex -12.4492 -8.36757 44.025
  endloop
endfacet
facet normal 0.638104 0.769927 -0.00592579
  outer loop
    vertex -8.57426 -12.3078 40.1455
    vertex -10.6066 -10.6066 42.3319
    vertex -8.36757 -12.4492 44.025
  endloop
endfacet
facet normal 0.857336 0.514317 0.0212975
  outer loop
    vertex -13.5196 -6.49777 23.2821
    vertex -12.7304 -7.9333 26.1799
    vertex -12.1271 -8.82798 23.5006
  endloop
endfacet
facet normal 0.51196 0.858717 0.0223946
  outer loop
    vertex -7.93327 -12.7304 26.1801
    vertex -6.43518 -13.5495 23.3398
    vertex -8.82792 -12.1272 23.5009
  endloop
endfacet
facet normal 0.630943 0.775575 -0.0198602
  outer loop
    vertex -8.15342 -12.5905 6.33415
    vertex -8.69156 -12.2252 3.50307
    vertex -10.4889 -10.723 5.06793
  endloop
endfacet
facet normal 0.762892 0.646509 0.00460499
  outer loop
    vertex -12.2397 -8.67125 7.0587
    vertex -10.6159 -10.5973 8.45895
    vertex -10.4889 -10.723 5.06793
  endloop
endfacet
facet normal 0.310973 0.949958 -0.0295935
  outer loop
    vertex -6.37022 -13.5801 9.13999
    vertex -3.14069 -14.6675 8.17138
    vertex -5.1687 -14.0814 5.67672
  endloop
endfacet
facet normal 0.75455 0.656243 2.12511e-13
  outer loop
    vertex -10.6066 -10.6066 45.9343
    vertex -11.9751 -9.03306 47.6119
    vertex -10.6066 -10.6066 50
  endloop
endfacet
facet normal 0.656243 0.75455 -2.11866e-13
  outer loop
    vertex -9.03306 -11.9751 47.6119
    vertex -10.6066 -10.6066 45.9343
    vertex -10.6066 -10.6066 50
  endloop
endfacet
facet normal 0.963835 0.265758 0.0198791
  outer loop
    vertex -14.5615 -3.60055 22.0565
    vertex -14.0257 -5.31785 19.0389
    vertex -14.769 -2.6223 19.0415
  endloop
endfacet
facet normal 0.92888 0.37027 0.00906619
  outer loop
    vertex -14.2499 -4.68416 10.9526
    vertex -13.4522 -6.63608 8.94828
    vertex -14.3496 -4.36918 8.30433
  endloop
endfacet
facet normal 0.858479 0.512846 -0.00146586
  outer loop
    vertex -13.4522 -6.63608 8.94828
    vertex -12.2087 -8.71483 9.96173
    vertex -12.2397 -8.67125 7.0587
  endloop
endfacet
facet normal 0.923238 0.38417 -0.00671576
  outer loop
    vertex -13.3516 -6.83634 11.3302
    vertex -13.4522 -6.63608 8.94828
    vertex -14.2499 -4.68416 10.9526
  endloop
endfacet
facet normal 0.856598 0.515935 0.00717855
  outer loop
    vertex -13.3516 -6.83634 11.3302
    vertex -12.2087 -8.71483 9.96173
    vertex -13.4522 -6.63608 8.94828
  endloop
endfacet
facet normal 0.43968 0.898076 0.0118924
  outer loop
    vertex -5.43971 -13.9789 28.2713
    vertex -5.10269 -14.1054 25.365
    vertex -7.93327 -12.7304 26.1801
  endloop
endfacet
facet normal 0.428693 0.902801 -0.0342371
  outer loop
    vertex -5.10269 -14.1054 25.365
    vertex -6.43518 -13.5495 23.3398
    vertex -7.93327 -12.7304 26.1801
  endloop
endfacet
facet normal 0.90038 0.434679 0.0192371
  outer loop
    vertex -14.1897 -4.8634 25.1146
    vertex -13.9788 -5.43989 28.2716
    vertex -12.7304 -7.9333 26.1799
  endloop
endfacet
facet normal 0.907778 0.4175 -0.0404017
  outer loop
    vertex -13.5196 -6.49777 23.2821
    vertex -14.1897 -4.8634 25.1146
    vertex -12.7304 -7.9333 26.1799
  endloop
endfacet
facet normal 0.371278 0.928431 0.0129723
  outer loop
    vertex -4.97435 -14.1512 43.969
    vertex -4.36858 -14.3498 40.8436
    vertex -6.6837 -13.4286 41.1791
  endloop
endfacet
facet normal 0.232824 0.972376 -0.0166559
  outer loop
    vertex -4.36858 -14.3498 40.8436
    vertex -4.97435 -14.1512 43.969
    vertex -2.21229 -14.836 42.6004
  endloop
endfacet
facet normal 0.214869 0.976621 0.00655666
  outer loop
    vertex -1.99784 -14.8664 40.1004
    vertex -4.36858 -14.3498 40.8436
    vertex -2.21229 -14.836 42.6004
  endloop
endfacet
facet normal 0.928431 0.371278 0.0129723
  outer loop
    vertex -14.3498 -4.36858 40.8436
    vertex -14.1512 -4.97435 43.969
    vertex -13.4286 -6.6837 41.1791
  endloop
endfacet
facet normal 0.972376 0.232824 -0.0166559
  outer loop
    vertex -14.1512 -4.97435 43.969
    vertex -14.3498 -4.36858 40.8436
    vertex -14.836 -2.21229 42.6004
  endloop
endfacet
facet normal 0.976621 0.214869 0.00655666
  outer loop
    vertex -14.3498 -4.36858 40.8436
    vertex -14.8664 -1.99784 40.1004
    vertex -14.836 -2.21229 42.6004
  endloop
endfacet
facet normal 0.764163 0.644755 0.0186168
  outer loop
    vertex -11.9751 -9.03306 47.6119
    vertex -10.6066 -10.6066 45.9343
    vertex -12.4492 -8.36757 44.025
  endloop
endfacet
facet normal 0.772144 0.635448 1.78084e-13
  outer loop
    vertex -10.6066 -10.6066 42.3319
    vertex -12.4492 -8.36757 44.025
    vertex -10.6066 -10.6066 45.9343
  endloop
endfacet
facet normal 0.644755 0.764163 0.0186168
  outer loop
    vertex -10.6066 -10.6066 45.9343
    vertex -9.03306 -11.9751 47.6119
    vertex -8.36757 -12.4492 44.025
  endloop
endfacet
facet normal 0.635448 0.772144 -1.78126e-13
  outer loop
    vertex -8.36757 -12.4492 44.025
    vertex -10.6066 -10.6066 42.3319
    vertex -10.6066 -10.6066 45.9343
  endloop
endfacet
facet normal 0.0998598 0.994963 -0.00874794
  outer loop
    vertex -3.16831 -14.6616 22.9125
    vertex 0 -15 20.5882
    vertex -2.84996 -14.7268 19.1317
  endloop
endfacet
facet normal 0.993656 0.107334 -0.0335764
  outer loop
    vertex -15 0 20.5882
    vertex -14.5615 -3.60055 22.0565
    vertex -14.769 -2.6223 19.0415
  endloop
endfacet
facet normal 0.764004 0.64521 0.00152967
  outer loop
    vertex -12.2087 -8.71483 9.96173
    vertex -10.6159 -10.5973 8.45895
    vertex -12.2397 -8.67125 7.0587
  endloop
endfacet
facet normal 0.642842 0.765967 0.00698451
  outer loop
    vertex -10.3934 -10.8156 11.9221
    vertex -8.68381 -12.2308 9.76921
    vertex -10.6159 -10.5973 8.45895
  endloop
endfacet
facet normal 0.76026 0.649571 -0.00790014
  outer loop
    vertex -12.2087 -8.71483 9.96173
    vertex -10.3934 -10.8156 11.9221
    vertex -10.6159 -10.5973 8.45895
  endloop
endfacet
facet normal 0.936377 0.349662 0.0305604
  outer loop
    vertex -14.1897 -4.8634 25.1146
    vertex -13.5196 -6.49777 23.2821
    vertex -14.5615 -3.60055 22.0565
  endloop
endfacet
facet normal 0.992664 0.120905 -0
  outer loop
    vertex -15 0 20.5882
    vertex -15 0 23.5294
    vertex -14.5615 -3.60055 22.0565
  endloop
endfacet
facet normal 0.327088 0.943973 0.0439159
  outer loop
    vertex -6.43518 -13.5495 23.3398
    vertex -5.10269 -14.1054 25.365
    vertex -3.16831 -14.6616 22.9125
  endloop
endfacet
facet normal 0.106211 0.994344 0
  outer loop
    vertex 0 -15 23.5294
    vertex 0 -15 20.5882
    vertex -3.16831 -14.6616 22.9125
  endloop
endfacet
facet normal 0.317607 0.947474 -0.037677
  outer loop
    vertex -3.16831 -14.6616 22.9125
    vertex -5.24847 -14.0518 20.7111
    vertex -6.43518 -13.5495 23.3398
  endloop
endfacet
facet normal 0.441166 0.896997 0.0277484
  outer loop
    vertex -5.24847 -14.0518 20.7111
    vertex -8.01532 -12.6789 20.3198
    vertex -6.43518 -13.5495 23.3398
  endloop
endfacet
facet normal 0.886826 0.461386 0.0257375
  outer loop
    vertex -14.0257 -5.31785 19.0389
    vertex -13.7981 -5.88333 21.332
    vertex -12.6312 -8.09031 20.6893
  endloop
endfacet
facet normal 0.944771 0.326151 -0.0321525
  outer loop
    vertex -13.5196 -6.49777 23.2821
    vertex -13.7981 -5.88333 21.332
    vertex -14.5615 -3.60055 22.0565
  endloop
endfacet
facet normal 0.886189 0.462922 0.0193072
  outer loop
    vertex -13.7981 -5.88333 21.332
    vertex -13.5196 -6.49777 23.2821
    vertex -12.6312 -8.09031 20.6893
  endloop
endfacet
facet normal 0.946853 0.321327 -0.0147595
  outer loop
    vertex -13.7981 -5.88333 21.332
    vertex -14.0257 -5.31785 19.0389
    vertex -14.5615 -3.60055 22.0565
  endloop
endfacet
facet normal 0.0727744 0.997347 0.00171655
  outer loop
    vertex -2.14199 -14.8463 45.612
    vertex 0 -15 44.1176
    vertex -2.21229 -14.836 42.6004
  endloop
endfacet
facet normal 0.997347 0.0727744 0.00171655
  outer loop
    vertex -15 0 44.1176
    vertex -14.8463 -2.14199 45.612
    vertex -14.836 -2.21229 42.6004
  endloop
endfacet
facet normal 0.226589 0.973756 0.0213456
  outer loop
    vertex -2.14199 -14.8463 45.612
    vertex -4.97435 -14.1512 43.969
    vertex -4.08055 -14.4343 47.3968
  endloop
endfacet
facet normal 0.23958 0.970874 -0.00226804
  outer loop
    vertex -2.21229 -14.836 42.6004
    vertex -4.97435 -14.1512 43.969
    vertex -2.14199 -14.8463 45.612
  endloop
endfacet
facet normal 0.973756 0.226589 0.0213456
  outer loop
    vertex -14.1512 -4.97435 43.969
    vertex -14.8463 -2.14199 45.612
    vertex -14.4343 -4.08055 47.3968
  endloop
endfacet
facet normal 0.970874 0.23958 -0.00226804
  outer loop
    vertex -14.1512 -4.97435 43.969
    vertex -14.836 -2.21229 42.6004
    vertex -14.8463 -2.14199 45.612
  endloop
endfacet
facet normal 0.274882 0.961455 0.00656696
  outer loop
    vertex -3.16831 -14.6616 22.9125
    vertex -2.84996 -14.7268 19.1317
    vertex -5.24847 -14.0518 20.7111
  endloop
endfacet
facet normal 0.997435 0.0715831 0
  outer loop
    vertex -15 0 47.0588
    vertex -14.8463 -2.14199 45.612
    vertex -15 0 44.1176
  endloop
endfacet
facet normal 0.0715831 0.997435 0
  outer loop
    vertex -2.14199 -14.8463 45.612
    vertex 0 -15 47.0588
    vertex 0 -15 44.1176
  endloop
endfacet
facet normal 0.0802897 0.996772 -0
  outer loop
    vertex 0 -15 23.5294
    vertex -2.40091 -14.8066 26.596
    vertex 0 -15 26.4706
  endloop
endfacet
facet normal 0.102777 0.994546 0.0177464
  outer loop
    vertex -2.40091 -14.8066 26.596
    vertex 0 -15 23.5294
    vertex -3.16831 -14.6616 22.9125
  endloop
endfacet
facet normal 0.257869 0.966053 -0.0156861
  outer loop
    vertex -5.10269 -14.1054 25.365
    vertex -2.40091 -14.8066 26.596
    vertex -3.16831 -14.6616 22.9125
  endloop
endfacet
facet normal 0.62631 0.779555 -0.00544586
  outer loop
    vertex -10.6159 -10.5973 8.45895
    vertex -8.15342 -12.5905 6.33415
    vertex -10.4889 -10.723 5.06793
  endloop
endfacet
facet normal 0.638384 0.769508 0.0179722
  outer loop
    vertex -10.6159 -10.5973 8.45895
