Pdistrib = [
3	-14.448498
4	-14.322179
5	-15.635084
6	-17.287700
7	-19.025060
8	-20.592930];

Ndistrib = [
3	-19.957700
4	-21.017095
5	-23.685932
6	-26.948716
7	-29.872518
8	-32.880338];

asymdistrib = [
3	5.149787
4	6.641088
5	8.062742
6	9.519200
7	10.766596
8	12.153367];

Poppose = [
3	-14.637305
4	-8.646444
5	-36.000172
6	-29.255987
7	-53.689315
8	-46.192020];

Noppose = [
3	-19.911872
4	-15.051752
5	-42.781820
6	-40.087913
7	-59.811830
8	-57.306093];

Aoppose = [
3	5.185615
4	6.090487
5	6.612529
6	10.440835
7	5.916473
8	10.858469];

Pdipole = [
3	-14.590809
4	-11.454522
5	-10.193053
6	-8.675998
7	-7.670310
8	-6.579393];

Ndipole = [
3	-19.534023
4	-18.357976
5	-17.778427
6	-16.687316
7	-15.766953
8	-14.420353];

Adipole = [
3	4.878557
4	6.708016
5	7.451335
6	7.563325
7	7.850711
8	7.472363];
