nosalt_sym = [-77.604130 -22.033053
 -13.054572 -81.110342
 -16.422474 -61.510903
 -14.121100 -83.783991
 -64.607177 -18.470316
 -71.879774 -12.394605
 -17.422928 -86.112685];

salt_sym = [-77.750984 -22.041344
 -13.057615 -81.252882
 -16.433034 -61.604308
 -14.123401 -83.927499
 -64.745914 -18.476643
 -72.020604 -12.398500
 -17.426886 -86.251827];
