solid Created by Gmsh
facet normal 0.972031 0.233364 0.0264022
  outer loop
    vertex -16.7907 -2.65939 0
    vertex -16.5386 -3.93393 1.98278
    vertex -16.168 -5.25329 0
  endloop
endfacet
facet normal 0.972032 0.233364 -0.0263433
  outer loop
    vertex -16.5254 -3.98891 48.0119
    vertex -16.7907 -2.65939 50
    vertex -16.168 -5.25329 50
  endloop
endfacet
facet normal 0.0782659 0.996933 -0
  outer loop
    vertex 0 -17 36.1111
    vertex -2.65288 -16.7917 38.4009
    vertex 0 -17 38.8889
  endloop
endfacet
facet normal 0.996933 0.0782659 0
  outer loop
    vertex -16.7917 -2.65288 38.4009
    vertex -17 0 36.1111
    vertex -17 0 38.8889
  endloop
endfacet
facet normal 0.894493 0.446836 -0.0148053
  outer loop
    vertex -15.7197 -6.47226 41.6406
    vertex -14.5756 -8.74936 42.0395
    vertex -15.48 -7.02628 39.4016
  endloop
endfacet
facet normal 0.446836 0.894493 -0.0148053
  outer loop
    vertex -8.74936 -14.5756 42.0395
    vertex -6.47226 -15.7197 41.6406
    vertex -7.02628 -15.48 39.4016
  endloop
endfacet
facet normal 0.923681 0.382601 -0.0207339
  outer loop
    vertex -15.1471 -7.71784 50
    vertex -15.6826 -6.56171 47.4783
    vertex -16.168 -5.25329 50
  endloop
endfacet
facet normal 0.951499 0.306713 0.0239952
  outer loop
    vertex -15.6826 -6.56171 47.4783
    vertex -16.5254 -3.98891 48.0119
    vertex -16.168 -5.25329 50
  endloop
endfacet
facet normal 0.382601 0.923681 -0.0207339
  outer loop
    vertex -6.56171 -15.6826 47.4783
    vertex -7.71784 -15.1471 50
    vertex -5.25329 -16.168 50
  endloop
endfacet
facet normal 0.306713 0.951499 0.0239952
  outer loop
    vertex -3.98891 -16.5254 48.0119
    vertex -6.56171 -15.6826 47.4783
    vertex -5.25329 -16.168 50
  endloop
endfacet
facet normal 0.997289 0.0735851 0
  outer loop
    vertex -16.8159 -2.49511 3.80013
    vertex -17 0 2.77778
    vertex -17 0 5.55556
  endloop
endfacet
facet normal 0.998307 0.0581637 0
  outer loop
    vertex -17 0 47.2222
    vertex -16.885 -1.97422 46.1352
    vertex -17 0 44.4444
  endloop
endfacet
facet normal 0.0735851 0.997289 -0
  outer loop
    vertex 0 -17 2.77778
    vertex -2.49511 -16.8159 3.80013
    vertex 0 -17 5.55556
  endloop
endfacet
facet normal 0.0581637 0.998307 0
  outer loop
    vertex -1.97422 -16.885 46.1352
    vertex 0 -17 47.2222
    vertex 0 -17 44.4444
  endloop
endfacet
facet normal 0.233364 0.972031 0.0264189
  outer loop
    vertex -3.9358 -16.5381 1.98167
    vertex -2.65939 -16.7907 0
    vertex -5.25329 -16.168 0
  endloop
endfacet
facet normal 0.233364 0.972032 -0.0263433
  outer loop
    vertex -2.65939 -16.7907 50
    vertex -3.98891 -16.5254 48.0119
    vertex -5.25329 -16.168 50
  endloop
endfacet
facet normal 0.852322 0.522303 -0.0273338
  outer loop
    vertex -14.6133 -8.68631 48.1399
    vertex -15.1471 -7.71784 50
    vertex -13.7533 -9.99235 50
  endloop
endfacet
facet normal 0.522303 0.852322 -0.0273338
  outer loop
    vertex -7.71784 -15.1471 50
    vertex -8.68631 -14.6133 48.1399
    vertex -9.99235 -13.7533 50
  endloop
endfacet
facet normal 0.212232 0.977037 -0.0188965
  outer loop
    vertex -4.90714 -16.2764 4.60646
    vertex -2.49511 -16.8159 3.80013
    vertex -3.9358 -16.5381 1.98167
  endloop
endfacet
facet normal 0.977074 0.212071 -0.0187957
  outer loop
    vertex -16.8159 -2.49511 3.80013
    vertex -16.2779 -4.90191 4.60961
    vertex -16.5386 -3.93393 1.98278
  endloop
endfacet
facet normal 0.890677 0.454234 0.0191158
  outer loop
    vertex -15.6826 -6.56171 47.4783
    vertex -15.1471 -7.71784 50
    vertex -14.6133 -8.68631 48.1399
  endloop
endfacet
facet normal 0.454234 0.890677 0.0191158
  outer loop
    vertex -7.71784 -15.1471 50
    vertex -6.56171 -15.6826 47.4783
    vertex -8.68631 -14.6133 48.1399
  endloop
endfacet
facet normal 0.450892 0.892466 0.0141656
  outer loop
    vertex -8.74936 -14.5756 42.0395
    vertex -7.13169 -15.4318 44.4873
    vertex -6.47226 -15.7197 41.6406
  endloop
endfacet
facet normal 0.892466 0.450892 0.0141656
  outer loop
    vertex -15.4318 -7.13169 44.4873
    vertex -14.5756 -8.74936 42.0395
    vertex -15.7197 -6.47226 41.6406
  endloop
endfacet
facet normal 0.772448 0.634471 -0.0277394
  outer loop
    vertex -14.0827 -9.52241 16.394
    vertex -12.0208 -12.0208 16.6668
    vertex -13.572 -10.2372 14.2669
  endloop
endfacet
facet normal 0.634471 0.772448 -0.0277394
  outer loop
    vertex -12.0208 -12.0208 16.6668
    vertex -9.52241 -14.0827 16.394
    vertex -10.2372 -13.572 14.2669
  endloop
endfacet
facet normal 0.749414 0.662102 -4.69557e-15
  outer loop
    vertex -12.0208 -12.0208 23.0798
    vertex -13.4106 -10.4477 24.6547
    vertex -12.0208 -12.0208 26.0333
  endloop
endfacet
facet normal 0.662102 0.749414 5.51552e-15
  outer loop
    vertex -10.4477 -13.4106 24.6547
    vertex -12.0208 -12.0208 23.0798
    vertex -12.0208 -12.0208 26.0333
  endloop
endfacet
facet normal 0.477646 0.878512 -0.00839519
  outer loop
    vertex -9.07445 -14.3755 44.4873
    vertex -7.13169 -15.4318 44.4873
    vertex -8.74936 -14.5756 42.0395
  endloop
endfacet
facet normal 0.878512 0.477646 -0.00839519
  outer loop
    vertex -15.4318 -7.13169 44.4873
    vertex -14.3755 -9.07445 44.4873
    vertex -14.5756 -8.74936 42.0395
  endloop
endfacet
facet normal 0.948899 0.315369 0.0115535
  outer loop
    vertex -16.2028 -5.14483 37.424
    vertex -15.8058 -6.25901 35.2349
    vertex -16.4291 -4.36861 34.822
  endloop
endfacet
facet normal 0.315369 0.948899 0.0115535
  outer loop
    vertex -6.25901 -15.8058 35.2349
    vertex -5.14483 -16.2028 37.424
    vertex -4.36861 -16.4291 34.822
  endloop
endfacet
facet normal 0.495636 0.868138 0.0261059
  outer loop
    vertex -7.02628 -15.48 39.4016
    vertex -9.77736 -13.907 39.3204
    vertex -8.74936 -14.5756 42.0395
  endloop
endfacet
facet normal 0.868138 0.495636 0.0261059
  outer loop
    vertex -13.907 -9.77736 39.3204
    vertex -15.48 -7.02628 39.4016
    vertex -14.5756 -8.74936 42.0395
  endloop
endfacet
facet normal 0.895512 0.444916 -0.010416
  outer loop
    vertex -15.6288 -6.68886 30.1236
    vertex -14.7098 -8.52183 30.8383
    vertex -15.2866 -7.43782 27.5556
  endloop
endfacet
facet normal 0.444916 0.895512 -0.010416
  outer loop
    vertex -8.52183 -14.7098 30.8383
    vertex -6.68886 -15.6288 30.1236
    vertex -7.43782 -15.2866 27.5556
  endloop
endfacet
facet normal 0.760919 0.648847 -1.41363e-13
  outer loop
    vertex -13.7691 -9.97058 4.56946
    vertex -12.0208 -12.0208 6.21069
    vertex -12.0208 -12.0208 3.07084
  endloop
endfacet
facet normal 0.765417 0.643431 -0.0115553
  outer loop
    vertex -12.0208 -12.0208 6.21069
    vertex -13.7691 -9.97058 4.56946
    vertex -13.9986 -9.64575 7.45663
  endloop
endfacet
facet normal 0.649066 0.760732 1.41626e-13
  outer loop
    vertex -12.0208 -12.0208 6.21069
    vertex -9.97852 -13.7633 4.53106
    vertex -12.0208 -12.0208 3.07084
  endloop
endfacet
facet normal 0.643018 0.765748 -0.0125573
  outer loop
    vertex -9.97852 -13.7633 4.53106
    vertex -12.0208 -12.0208 6.21069
    vertex -9.64183 -14.0013 7.26289
  endloop
endfacet
facet normal 0.832119 0.554496 -0.0105504
  outer loop
    vertex -14.6978 -8.54259 12.1979
    vertex -13.5265 -10.2973 12.3556
    vertex -13.7533 -9.99229 10.494
  endloop
endfacet
facet normal 0.756444 0.654054 -0.00254155
  outer loop
    vertex -12.1495 -11.8907 12.1243
    vertex -13.5265 -10.2973 12.3556
    vertex -13.572 -10.2372 14.2669
  endloop
endfacet
facet normal 0.757596 0.652561 0.0145963
  outer loop
    vertex -13.5265 -10.2973 12.3556
    vertex -12.1495 -11.8907 12.1243
    vertex -13.7533 -9.99229 10.494
  endloop
endfacet
facet normal 0.831628 0.555328 0.00235333
  outer loop
    vertex -13.5265 -10.2973 12.3556
    vertex -14.6978 -8.54259 12.1979
    vertex -13.572 -10.2372 14.2669
  endloop
endfacet
facet normal 0.55545 0.831539 0.00436638
  outer loop
    vertex -10.2973 -13.5265 12.3556
    vertex -8.54259 -14.6978 12.1979
    vertex -10.4102 -13.4398 10.2071
  endloop
endfacet
facet normal 0.662263 0.749257 -0.00456695
  outer loop
    vertex -12.1495 -11.8907 12.1243
    vertex -10.2973 -13.5265 12.3556
    vertex -10.4102 -13.4398 10.2071
  endloop
endfacet
facet normal 0.555328 0.831628 0.00235333
  outer loop
    vertex -8.54259 -14.6978 12.1979
    vertex -10.2973 -13.5265 12.3556
    vertex -10.2372 -13.572 14.2669
  endloop
endfacet
facet normal 0.757531 0.652799 1.46071e-13
  outer loop
    vertex -12.0208 -12.0208 44.8045
    vertex -13.6645 -10.1134 46.4234
    vertex -12.0208 -12.0208 47.89
  endloop
endfacet
facet normal 0.652799 0.757531 -1.4765e-13
  outer loop
    vertex -10.1134 -13.6645 46.4234
    vertex -12.0208 -12.0208 44.8045
    vertex -12.0208 -12.0208 47.89
  endloop
endfacet
facet normal 0.333853 0.942453 -0.0180041
  outer loop
    vertex -7.13169 -15.4318 44.4873
    vertex -4.61668 -16.3611 42.4742
    vertex -6.47226 -15.7197 41.6406
  endloop
endfacet
facet normal 0.942453 0.333853 -0.0180041
  outer loop
    vertex -16.3611 -4.61668 42.4742
    vertex -15.4318 -7.13169 44.4873
    vertex -15.7197 -6.47226 41.6406
  endloop
endfacet
facet normal 0.57156 0.820513 0.0088197
  outer loop
    vertex -8.74936 -14.5756 42.0395
    vertex -10.47 -13.3932 43.547
    vertex -9.07445 -14.3755 44.4873
  endloop
endfacet
facet normal 0.820513 0.57156 0.0088197
  outer loop
    vertex -13.3932 -10.47 43.547
    vertex -14.5756 -8.74936 42.0395
    vertex -14.3755 -9.07445 44.4873
  endloop
endfacet
facet normal 0.340905 0.940074 -0.00671535
  outer loop
    vertex -6.88715 -15.5424 6.8332
    vertex -4.62452 -16.3589 7.39849
    vertex -4.90714 -16.2764 4.60646
  endloop
endfacet
facet normal 0.335738 0.941811 0.0164752
  outer loop
    vertex -4.62452 -16.3589 7.39849
    vertex -6.88715 -15.5424 6.8332
    vertex -5.5833 -16.057 9.67745
  endloop
endfacet
facet normal 0.940295 0.340298 -0.00654796
  outer loop
    vertex -16.3589 -4.62452 7.39849
    vertex -15.5505 -6.86886 6.84473
    vertex -16.2779 -4.90191 4.60961
  endloop
endfacet
facet normal 0.941979 0.335277 0.016259
  outer loop
    vertex -15.5505 -6.86886 6.84473
    vertex -16.3589 -4.62452 7.39849
    vertex -16.057 -5.5833 9.67745
  endloop
endfacet
facet normal 0.350636 0.936472 -0.00867076
  outer loop
    vertex -7.02628 -15.48 39.4016
    vertex -4.78449 -16.3128 40.1114
    vertex -5.14483 -16.2028 37.424
  endloop
endfacet
facet normal 0.226453 0.973976 0.00951627
  outer loop
    vertex -4.78449 -16.3128 40.1114
    vertex -2.65288 -16.7917 38.4009
    vertex -5.14483 -16.2028 37.424
  endloop
endfacet
facet normal 0.936472 0.350636 -0.00867076
  outer loop
    vertex -16.3128 -4.78449 40.1114
    vertex -15.48 -7.02628 39.4016
    vertex -16.2028 -5.14483 37.424
  endloop
endfacet
facet normal 0.973976 0.226453 0.00951627
  outer loop
    vertex -16.7917 -2.65288 38.4009
    vertex -16.3128 -4.78449 40.1114
    vertex -16.2028 -5.14483 37.424
  endloop
endfacet
facet normal 0.616985 0.786899 0.010954
  outer loop
    vertex -11.1904 -12.7975 8.00986
    vertex -10.4102 -13.4398 10.2071
    vertex -9.64183 -14.0013 7.26289
  endloop
endfacet
facet normal 0.626916 0.777706 0.0463554
  outer loop
    vertex -12.0208 -12.0208 6.21069
    vertex -11.1904 -12.7975 8.00986
    vertex -9.64183 -14.0013 7.26289
  endloop
endfacet
facet normal 0.773988 0.633125 0.00974662
  outer loop
    vertex -13.7533 -9.99229 10.494
    vertex -12.3682 -11.6631 9.03133
    vertex -13.9986 -9.64575 7.45663
  endloop
endfacet
facet normal 0.772107 0.635326 0.0145149
  outer loop
    vertex -12.3682 -11.6631 9.03133
    vertex -12.0208 -12.0208 6.21069
    vertex -13.9986 -9.64575 7.45663
  endloop
endfacet
facet normal 0.748862 0.662726 1.17946e-13
  outer loop
    vertex -12.0208 -12.0208 44.8045
    vertex -12.0208 -12.0208 42.3936
    vertex -13.3932 -10.47 43.547
  endloop
endfacet
facet normal 0.662726 0.748862 -1.15866e-13
  outer loop
    vertex -12.0208 -12.0208 42.3936
    vertex -12.0208 -12.0208 44.8045
    vertex -10.47 -13.3932 43.547
  endloop
endfacet
facet normal 0.44473 0.895613 -0.00963729
  outer loop
    vertex -7.13169 -15.4318 44.4873
    vertex -8.34558 -14.8105 46.2032
    vertex -6.56171 -15.6826 47.4783
  endloop
endfacet
facet normal 0.446408 0.894741 -0.0125813
  outer loop
    vertex -8.34558 -14.8105 46.2032
    vertex -8.68631 -14.6133 48.1399
    vertex -6.56171 -15.6826 47.4783
  endloop
endfacet
facet normal 0.477569 0.87837 0.0198356
  outer loop
    vertex -8.34558 -14.8105 46.2032
    vertex -7.13169 -15.4318 44.4873
    vertex -9.07445 -14.3755 44.4873
  endloop
endfacet
facet normal 0.895613 0.44473 -0.00963729
  outer loop
    vertex -14.8105 -8.34558 46.2032
    vertex -15.4318 -7.13169 44.4873
    vertex -15.6826 -6.56171 47.4783
  endloop
endfacet
facet normal 0.894741 0.446408 -0.0125813
  outer loop
    vertex -14.6133 -8.68631 48.1399
    vertex -14.8105 -8.34558 46.2032
    vertex -15.6826 -6.56171 47.4783
  endloop
endfacet
facet normal 0.87837 0.477569 0.0198356
  outer loop
    vertex -15.4318 -7.13169 44.4873
    vertex -14.8105 -8.34558 46.2032
    vertex -14.3755 -9.07445 44.4873
  endloop
endfacet
facet normal 0.758442 0.650893 0.0332325
  outer loop
    vertex -13.2548 -10.6447 41.4252
    vertex -12.0208 -12.0208 40.2149
    vertex -13.907 -9.77736 39.3204
  endloop
endfacet
facet normal 0.821427 0.570275 0.00663582
  outer loop
    vertex -13.2548 -10.6447 41.4252
    vertex -14.5756 -8.74936 42.0395
    vertex -13.3932 -10.47 43.547
  endloop
endfacet
facet normal 0.817834 0.575221 -0.016353
  outer loop
    vertex -14.5756 -8.74936 42.0395
    vertex -13.2548 -10.6447 41.4252
    vertex -13.907 -9.77736 39.3204
  endloop
endfacet
facet normal 0.650893 0.758442 0.0332325
  outer loop
    vertex -12.0208 -12.0208 40.2149
    vertex -10.6447 -13.2548 41.4252
    vertex -9.77736 -13.907 39.3204
  endloop
endfacet
facet normal 0.570275 0.821427 0.00663582
  outer loop
    vertex -8.74936 -14.5756 42.0395
    vertex -10.6447 -13.2548 41.4252
    vertex -10.47 -13.3932 43.547
  endloop
endfacet
facet normal 0.575221 0.817834 -0.016353
  outer loop
    vertex -10.6447 -13.2548 41.4252
    vertex -8.74936 -14.5756 42.0395
    vertex -9.77736 -13.907 39.3204
  endloop
endfacet
facet normal 0.18335 0.983011 0.00848276
  outer loop
    vertex -1.97422 -16.885 46.1352
    vertex -4.34329 -16.4358 45.2904
    vertex -3.98891 -16.5254 48.0119
  endloop
endfacet
facet normal 0.340857 0.94008 -0.0081577
  outer loop
    vertex -7.13169 -15.4318 44.4873
    vertex -4.34329 -16.4358 45.2904
    vertex -4.61668 -16.3611 42.4742
  endloop
endfacet
facet normal 0.983011 0.18335 0.00848276
  outer loop
    vertex -16.4358 -4.34329 45.2904
    vertex -16.885 -1.97422 46.1352
    vertex -16.5254 -3.98891 48.0119
  endloop
endfacet
facet normal 0.94008 0.340857 -0.0081577
  outer loop
    vertex -16.4358 -4.34329 45.2904
    vertex -15.4318 -7.13169 44.4873
    vertex -16.3611 -4.61668 42.4742
  endloop
endfacet
facet normal 0.527142 0.849236 -0.0303139
  outer loop
    vertex -7.65629 -15.1783 14.1476
    vertex -8.54259 -14.6978 12.1979
    vertex -10.2372 -13.572 14.2669
  endloop
endfacet
facet normal 0.372663 0.927692 0.0225832
  outer loop
    vertex -7.65629 -15.1783 14.1476
    vertex -6.92681 -15.5248 16.3429
    vertex -4.91817 -16.273 13.9335
  endloop
endfacet
facet normal 0.849236 0.527142 -0.0303139
  outer loop
    vertex -14.6978 -8.54259 12.1979
    vertex -15.1783 -7.65629 14.1476
    vertex -13.572 -10.2372 14.2669
  endloop
endfacet
facet normal 0.927692 0.372663 0.0225832
  outer loop
    vertex -15.5248 -6.92681 16.3429
    vertex -15.1783 -7.65629 14.1476
    vertex -16.273 -4.91817 13.9335
  endloop
endfacet
facet normal 0.918409 0.395339 -0.0152127
  outer loop
    vertex -15.0743 -7.85906 9.86084
    vertex -15.5505 -6.86886 6.84473
    vertex -16.057 -5.5833 9.67745
  endloop
endfacet
facet normal 0.395349 0.918407 -0.0150851
  outer loop
    vertex -6.88715 -15.5424 6.8332
    vertex -7.85906 -15.0743 9.86084
    vertex -5.5833 -16.057 9.67745
  endloop
endfacet
facet normal 0.921621 0.386944 -0.0298234
  outer loop
    vertex -15.097 -7.81536 36.9465
    vertex -15.8058 -6.25901 35.2349
    vertex -16.2028 -5.14483 37.424
  endloop
endfacet
facet normal 0.925109 0.379034 0.022499
  outer loop
    vertex -15.48 -7.02628 39.4016
    vertex -15.097 -7.81536 36.9465
    vertex -16.2028 -5.14483 37.424
  endloop
endfacet
facet normal 0.386944 0.921621 -0.0298234
  outer loop
    vertex -6.25901 -15.8058 35.2349
    vertex -7.81536 -15.097 36.9465
    vertex -5.14483 -16.2028 37.424
  endloop
endfacet
facet normal 0.379034 0.925109 0.022499
  outer loop
    vertex -7.81536 -15.097 36.9465
    vertex -7.02628 -15.48 39.4016
    vertex -5.14483 -16.2028 37.424
  endloop
endfacet
facet normal 0.9671 0.252291 0.0326729
  outer loop
    vertex -16.7546 -2.87816 9.43775
    vertex -16.3913 -4.50832 11.2726
    vertex -16.057 -5.5833 9.67745
  endloop
endfacet
facet normal 0.252291 0.9671 0.0326729
  outer loop
    vertex -4.50832 -16.3913 11.2726
    vertex -2.87816 -16.7546 9.43775
    vertex -5.5833 -16.057 9.67745
  endloop
endfacet
facet normal 0.754556 0.656235 -5.21989e-14
  outer loop
    vertex -12.0208 -12.0208 16.6668
    vertex -12.0208 -12.0208 14.5221
    vertex -13.572 -10.2372 14.2669
  endloop
endfacet
facet normal 0.754897 0.655825 -0.00493594
  outer loop
    vertex -12.0208 -12.0208 14.5221
    vertex -12.1495 -11.8907 12.1243
    vertex -13.572 -10.2372 14.2669
  endloop
endfacet
facet normal 0.656235 0.754556 5.21989e-14
  outer loop
    vertex -12.0208 -12.0208 14.5221
    vertex -12.0208 -12.0208 16.6668
    vertex -10.2372 -13.572 14.2669
  endloop
endfacet
facet normal 0.0676433 0.99771 0
  outer loop
    vertex -2.2946 -16.8444 43.5269
    vertex 0 -17 44.4444
    vertex 0 -17 41.6667
  endloop
endfacet
facet normal 0.078645 0.996809 0.013646
  outer loop
    vertex -2.75155 -16.7758 41.1504
    vertex -2.2946 -16.8444 43.5269
    vertex 0 -17 41.6667
  endloop
endfacet
facet normal 0.99771 0.0676433 0
  outer loop
    vertex -17 0 44.4444
    vertex -16.8444 -2.2946 43.5269
    vertex -17 0 41.6667
  endloop
endfacet
facet normal 0.996809 0.078645 0.013646
  outer loop
    vertex -16.8444 -2.2946 43.5269
    vertex -16.7758 -2.75155 41.1504
    vertex -17 0 41.6667
  endloop
endfacet
facet normal 0.321385 0.946775 -0.0181498
  outer loop
    vertex -6.54099 -15.6913 11.7974
    vertex -4.50832 -16.3913 11.2726
    vertex -5.5833 -16.057 9.67745
  endloop
endfacet
facet normal 0.327571 0.944789 0.00845868
  outer loop
    vertex -4.50832 -16.3913 11.2726
    vertex -6.54099 -15.6913 11.7974
    vertex -4.91817 -16.273 13.9335
  endloop
endfacet
facet normal 0.946775 0.321385 -0.0181498
  outer loop
    vertex -16.3913 -4.50832 11.2726
    vertex -15.6913 -6.54099 11.7974
    vertex -16.057 -5.5833 9.67745
  endloop
endfacet
facet normal 0.944789 0.327571 0.00845868
  outer loop
    vertex -15.6913 -6.54099 11.7974
    vertex -16.3913 -4.50832 11.2726
    vertex -16.273 -4.91817 13.9335
  endloop
endfacet
facet normal 0.996537 0.0784292 -0.0276243
  outer loop
    vertex -16.7907 -2.65939 50
    vertex -16.9115 -1.73209 48.2739
    vertex -17 0 50
  endloop
endfacet
facet normal 0.998698 0.0510101 0
  outer loop
    vertex -16.9115 -1.73209 48.2739
    vertex -17 0 47.2222
    vertex -17 0 50
  endloop
endfacet
facet normal 0.0784292 0.996537 -0.0276243
  outer loop
    vertex -1.73209 -16.9115 48.2739
    vertex -2.65939 -16.7907 50
    vertex 0 -17 50
  endloop
endfacet
facet normal 0.0510101 0.998698 -0
  outer loop
    vertex 0 -17 47.2222
    vertex -1.73209 -16.9115 48.2739
    vertex 0 -17 50
  endloop
endfacet
facet normal 0.985459 0.169101 -0.0166139
  outer loop
    vertex -16.7907 -2.65939 0
    vertex -16.8965 -1.87267 1.72954
    vertex -16.5386 -3.93393 1.98278
  endloop
endfacet
facet normal 0.98488 0.172708 0.0135596
  outer loop
    vertex -16.8965 -1.87267 1.72954
    vertex -16.8159 -2.49511 3.80013
    vertex -16.5386 -3.93393 1.98278
  endloop
endfacet
facet normal 0.169164 0.985447 -0.0166431
  outer loop
    vertex -1.87267 -16.8965 1.72954
    vertex -2.65939 -16.7907 0
    vertex -3.9358 -16.5381 1.98167
  endloop
endfacet
facet normal 0.172757 0.984871 0.0135746
  outer loop
    vertex -2.49511 -16.8159 3.80013
    vertex -1.87267 -16.8965 1.72954
    vertex -3.9358 -16.5381 1.98167
  endloop
endfacet
facet normal 0.997342 0.0728567 0.00104083
  outer loop
    vertex -16.8217 -2.45589 6.58606
    vertex -16.8159 -2.49511 3.80013
    vertex -17 0 5.55556
  endloop
endfacet
facet normal 0.0728567 0.997342 0.00104083
  outer loop
    vertex -2.49511 -16.8159 3.80013
    vertex -2.45589 -16.8217 6.58606
    vertex 0 -17 5.55556
  endloop
endfacet
facet normal 0.942141 0.334871 0.0152004
  outer loop
    vertex -16.4358 -4.34329 45.2904
    vertex -15.6826 -6.56171 47.4783
    vertex -15.4318 -7.13169 44.4873
  endloop
endfacet
facet normal 0.949684 0.313066 -0.00950561
  outer loop
    vertex -16.5254 -3.98891 48.0119
    vertex -15.6826 -6.56171 47.4783
    vertex -16.4358 -4.34329 45.2904
  endloop
endfacet
facet normal 0.334871 0.942141 0.0152004
  outer loop
    vertex -6.56171 -15.6826 47.4783
    vertex -4.34329 -16.4358 45.2904
    vertex -7.13169 -15.4318 44.4873
  endloop
endfacet
facet normal 0.313066 0.949684 -0.00950561
  outer loop
    vertex -6.56171 -15.6826 47.4783
    vertex -3.98891 -16.5254 48.0119
    vertex -4.34329 -16.4358 45.2904
  endloop
endfacet
facet normal 0.69069 0.723121 -0.00664454
  outer loop
    vertex -11.1904 -12.7975 8.00986
    vertex -12.0208 -12.0208 6.21069
    vertex -12.3682 -11.6631 9.03133
  endloop
endfacet
facet normal 0.874107 0.485175 -0.0232594
  outer loop
    vertex -14.0827 -9.52241 16.394
    vertex -15.1783 -7.65629 14.1476
    vertex -15.5248 -6.92681 16.3429
  endloop
endfacet
facet normal 0.848178 0.52908 0.0258585
  outer loop
    vertex -14.0827 -9.52241 16.394
    vertex -13.572 -10.2372 14.2669
    vertex -15.1783 -7.65629 14.1476
  endloop
endfacet
facet normal 0.485175 0.874107 -0.0232594
  outer loop
    vertex -7.65629 -15.1783 14.1476
    vertex -9.52241 -14.0827 16.394
    vertex -6.92681 -15.5248 16.3429
  endloop
endfacet
facet normal 0.52908 0.848178 0.0258585
  outer loop
    vertex -10.2372 -13.572 14.2669
    vertex -9.52241 -14.0827 16.394
    vertex -7.65629 -15.1783 14.1476
  endloop
endfacet
facet normal 0.657882 0.753047 -0.010541
  outer loop
    vertex -10.1134 -13.6645 46.4234
    vertex -10.47 -13.3932 43.547
    vertex -12.0208 -12.0208 44.8045
  endloop
endfacet
facet normal 0.572705 0.819737 0.00630887
  outer loop
    vertex -10.1134 -13.6645 46.4234
    vertex -9.07445 -14.3755 44.4873
    vertex -10.47 -13.3932 43.547
  endloop
endfacet
facet normal 0.544844 0.838472 0.0104676
  outer loop
    vertex -8.34558 -14.8105 46.2032
    vertex -10.1134 -13.6645 46.4234
    vertex -8.68631 -14.6133 48.1399
  endloop
endfacet
facet normal 0.542346 0.839975 -0.017414
  outer loop
    vertex -9.07445 -14.3755 44.4873
    vertex -10.1134 -13.6645 46.4234
    vertex -8.34558 -14.8105 46.2032
  endloop
endfacet
facet normal 0.753047 0.657882 -0.010541
  outer loop
    vertex -13.3932 -10.47 43.547
    vertex -13.6645 -10.1134 46.4234
    vertex -12.0208 -12.0208 44.8045
  endloop
endfacet
facet normal 0.819737 0.572705 0.00630887
  outer loop
    vertex -14.3755 -9.07445 44.4873
    vertex -13.6645 -10.1134 46.4234
    vertex -13.3932 -10.47 43.547
  endloop
endfacet
facet normal 0.838472 0.544844 0.0104676
  outer loop
    vertex -13.6645 -10.1134 46.4234
    vertex -14.8105 -8.34558 46.2032
    vertex -14.6133 -8.68631 48.1399
  endloop
endfacet
facet normal 0.839975 0.542346 -0.017414
  outer loop
    vertex -13.6645 -10.1134 46.4234
    vertex -14.3755 -9.07445 44.4873
    vertex -14.8105 -8.34558 46.2032
  endloop
endfacet
facet normal 0.894235 0.447272 0.0170857
  outer loop
    vertex -15.6913 -6.54099 11.7974
    vertex -15.1783 -7.65629 14.1476
    vertex -14.6978 -8.54259 12.1979
  endloop
endfacet
facet normal 0.928926 0.36924 -0.0275174
  outer loop
    vertex -16.273 -4.91817 13.9335
    vertex -15.1783 -7.65629 14.1476
    vertex -15.6913 -6.54099 11.7974
  endloop
endfacet
facet normal 0.447272 0.894235 0.0170857
  outer loop
    vertex -7.65629 -15.1783 14.1476
    vertex -6.54099 -15.6913 11.7974
    vertex -8.54259 -14.6978 12.1979
  endloop
endfacet
facet normal 0.36924 0.928926 -0.0275174
  outer loop
    vertex -7.65629 -15.1783 14.1476
    vertex -4.91817 -16.273 13.9335
    vertex -6.54099 -15.6913 11.7974
  endloop
endfacet
facet normal 0.442103 0.896836 -0.0152
  outer loop
    vertex -6.54099 -15.6913 11.7974
    vertex -7.85906 -15.0743 9.86084
    vertex -8.54259 -14.6978 12.1979
  endloop
endfacet
facet normal 0.397784 0.917228 0.0214605
  outer loop
    vertex -5.5833 -16.057 9.67745
    vertex -7.85906 -15.0743 9.86084
    vertex -6.54099 -15.6913 11.7974
  endloop
endfacet
facet normal 0.247632 0.968553 -0.0241348
  outer loop
    vertex -4.62452 -16.3589 7.39849
    vertex -5.5833 -16.057 9.67745
    vertex -2.87816 -16.7546 9.43775
  endloop
endfacet
facet normal 0.896836 0.442103 -0.0152
  outer loop
    vertex -15.0743 -7.85906 9.86084
    vertex -15.6913 -6.54099 11.7974
    vertex -14.6978 -8.54259 12.1979
  endloop
endfacet
facet normal 0.917228 0.397784 0.0214605
  outer loop
    vertex -15.0743 -7.85906 9.86084
    vertex -16.057 -5.5833 9.67745
    vertex -15.6913 -6.54099 11.7974
  endloop
endfacet
facet normal 0.968553 0.247632 -0.0241348
  outer loop
    vertex -16.057 -5.5833 9.67745
    vertex -16.3589 -4.62452 7.39849
    vertex -16.7546 -2.87816 9.43775
  endloop
endfacet
facet normal 0.667621 0.744501 -8.54769e-14
  outer loop
    vertex -12.0208 -12.0208 42.3936
    vertex -10.6447 -13.2548 41.4252
    vertex -12.0208 -12.0208 40.2149
  endloop
endfacet
facet normal 0.665239 0.746606 -0.00606538
  outer loop
    vertex -12.0208 -12.0208 42.3936
    vertex -10.47 -13.3932 43.547
    vertex -10.6447 -13.2548 41.4252
  endloop
endfacet
facet normal 0.744501 0.667621 8.4306e-14
  outer loop
    vertex -13.2548 -10.6447 41.4252
    vertex -12.0208 -12.0208 42.3936
    vertex -12.0208 -12.0208 40.2149
  endloop
endfacet
facet normal 0.746606 0.665239 -0.00606538
  outer loop
    vertex -13.3932 -10.47 43.547
    vertex -12.0208 -12.0208 42.3936
    vertex -13.2548 -10.6447 41.4252
  endloop
endfacet
facet normal 0.207371 0.978217 -0.00943757
  outer loop
    vertex -2.35648 -16.8359 12.474
    vertex -2.87816 -16.7546 9.43775
    vertex -4.50832 -16.3913 11.2726
  endloop
endfacet
facet normal 0.978217 0.207371 -0.00943757
  outer loop
    vertex -16.7546 -2.87816 9.43775
    vertex -16.8359 -2.35648 12.474
    vertex -16.3913 -4.50832 11.2726
  endloop
endfacet
facet normal 0.857773 0.513681 0.0189211
  outer loop
    vertex -13.7684 -9.97157 27.5171
    vertex -15.2866 -7.43782 27.5556
    vertex -14.7098 -8.52183 30.8383
  endloop
endfacet
facet normal 0.513681 0.857773 0.0189211
  outer loop
    vertex -7.43782 -15.2866 27.5556
    vertex -9.97157 -13.7684 27.5171
    vertex -8.52183 -14.7098 30.8383
  endloop
endfacet
facet normal 0.442548 0.896567 -0.0178475
  outer loop
    vertex -6.0949 -15.8699 32.7419
    vertex -6.68886 -15.6288 30.1236
    vertex -8.52183 -14.7098 30.8383
  endloop
endfacet
facet normal 0.896567 0.442548 -0.0178475
  outer loop
    vertex -15.6288 -6.68886 30.1236
    vertex -15.8699 -6.0949 32.7419
    vertex -14.7098 -8.52183 30.8383
  endloop
endfacet
facet normal 0.343904 0.938878 0.0154153
  outer loop
    vertex -6.47226 -15.7197 41.6406
    vertex -4.78449 -16.3128 40.1114
    vertex -7.02628 -15.48 39.4016
  endloop
endfacet
facet normal 0.328298 0.944566 -0.0040141
  outer loop
    vertex -4.61668 -16.3611 42.4742
    vertex -4.78449 -16.3128 40.1114
    vertex -6.47226 -15.7197 41.6406
  endloop
endfacet
facet normal 0.220951 0.975282 0.00229423
  outer loop
    vertex -2.65288 -16.7917 38.4009
    vertex -4.78449 -16.3128 40.1114
    vertex -2.75155 -16.7758 41.1504
  endloop
endfacet
facet normal 0.219969 0.975497 0.00431144
  outer loop
    vertex -4.61668 -16.3611 42.4742
    vertex -2.75155 -16.7758 41.1504
    vertex -4.78449 -16.3128 40.1114
  endloop
endfacet
facet normal 0.938878 0.343904 0.0154153
  outer loop
    vertex -16.3128 -4.78449 40.1114
    vertex -15.7197 -6.47226 41.6406
    vertex -15.48 -7.02628 39.4016
  endloop
endfacet
facet normal 0.944566 0.328298 -0.0040141
  outer loop
    vertex -16.3128 -4.78449 40.1114
    vertex -16.3611 -4.61668 42.4742
    vertex -15.7197 -6.47226 41.6406
  endloop
endfacet
facet normal 0.975282 0.220951 0.00229423
  outer loop
    vertex -16.3128 -4.78449 40.1114
    vertex -16.7917 -2.65288 38.4009
    vertex -16.7758 -2.75155 41.1504
  endloop
endfacet
facet normal 0.975497 0.219969 0.00431144
  outer loop
    vertex -16.7758 -2.75155 41.1504
    vertex -16.3611 -4.61668 42.4742
    vertex -16.3128 -4.78449 40.1114
  endloop
endfacet
facet normal 0.996592 0.0824922 0
  outer loop
    vertex -16.7686 -2.79518 20.8333
    vertex -17 0 19.4444
    vertex -17 0 22.2222
  endloop
endfacet
facet normal 0.968577 0.248667 -0.00473518
  outer loop
    vertex -16.0718 -5.54056 19.1997
    vertex -16.7686 -2.79518 20.8333
    vertex -16.01 -5.71659 22.59
  endloop
endfacet
facet normal 0.0824922 0.996592 -0
  outer loop
    vertex 0 -17 19.4444
    vertex -2.79518 -16.7686 20.8333
    vertex 0 -17 22.2222
  endloop
endfacet
facet normal 0.248667 0.968577 -0.00473518
  outer loop
    vertex -2.79518 -16.7686 20.8333
    vertex -5.54056 -16.0718 19.1997
    vertex -5.71659 -16.01 22.59
  endloop
endfacet
facet normal 0.312358 0.949957 -0.00382709
  outer loop
    vertex -6.0949 -15.8699 32.7419
    vertex -6.25901 -15.8058 35.2349
    vertex -4.36861 -16.4291 34.822
  endloop
endfacet
facet normal 0.949957 0.312358 -0.00382709
  outer loop
    vertex -15.8058 -6.25901 35.2349
    vertex -15.8699 -6.0949 32.7419
    vertex -16.4291 -4.36861 34.822
  endloop
endfacet
facet normal 0.0694761 0.997584 0
  outer loop
    vertex -2.35648 -16.8359 12.474
    vertex 0 -17 13.8889
    vertex 0 -17 11.1111
  endloop
endfacet
facet normal 0.208401 0.977977 -0.0113717
  outer loop
    vertex -4.91817 -16.273 13.9335
    vertex -2.35648 -16.8359 12.474
    vertex -4.50832 -16.3913 11.2726
  endloop
endfacet
facet normal 0.997584 0.0694761 0
  outer loop
    vertex -17 0 13.8889
    vertex -16.8359 -2.35648 12.474
    vertex -17 0 11.1111
  endloop
endfacet
facet normal 0.977977 0.208401 -0.0113717
  outer loop
    vertex -16.8359 -2.35648 12.474
    vertex -16.273 -4.91817 13.9335
    vertex -16.3913 -4.50832 11.2726
  endloop
endfacet
facet normal 0.649448 0.760406 -3.40776e-13
  outer loop
    vertex -12.0208 -12.0208 50
    vertex -9.99235 -13.7533 50
    vertex -12.0208 -12.0208 47.89
  endloop
endfacet
facet normal 0.551954 0.833872 0.002015
  outer loop
    vertex -10.1134 -13.6645 46.4234
    vertex -9.99235 -13.7533 50
    vertex -8.68631 -14.6133 48.1399
  endloop
endfacet
facet normal 0.651376 0.758748 -0.00321469
  outer loop
    vertex -10.1134 -13.6645 46.4234
    vertex -12.0208 -12.0208 47.89
    vertex -9.99235 -13.7533 50
  endloop
endfacet
facet normal 0.760406 0.649448 3.41936e-13
  outer loop
    vertex -13.7533 -9.99235 50
    vertex -12.0208 -12.0208 50
    vertex -12.0208 -12.0208 47.89
  endloop
endfacet
facet normal 0.833872 0.551954 0.002015
  outer loop
    vertex -13.7533 -9.99235 50
    vertex -13.6645 -10.1134 46.4234
    vertex -14.6133 -8.68631 48.1399
  endloop
endfacet
facet normal 0.758748 0.651376 -0.00321469
  outer loop
    vertex -12.0208 -12.0208 47.89
    vertex -13.6645 -10.1134 46.4234
    vertex -13.7533 -9.99235 50
  endloop
endfacet
facet normal 0.996598 0.078434 0.0253098
  outer loop
    vertex -16.8965 -1.87267 1.72954
    vertex -16.7907 -2.65939 0
    vertex -17 0 0
  endloop
endfacet
facet normal 0.997651 0.0657952 -0.0190768
  outer loop
    vertex -16.8965 -1.87267 1.72954
    vertex -17 0 2.77778
    vertex -16.8159 -2.49511 3.80013
  endloop
endfacet
facet normal 0.998477 0.0551625 0
  outer loop
    vertex -17 0 2.77778
    vertex -16.8965 -1.87267 1.72954
    vertex -17 0 0
  endloop
endfacet
facet normal 0.078434 0.996598 0.0253098
  outer loop
    vertex -2.65939 -16.7907 0
    vertex -1.87267 -16.8965 1.72954
    vertex 0 -17 0
  endloop
endfacet
facet normal 0.0657952 0.997651 -0.0190768
  outer loop
    vertex 0 -17 2.77778
    vertex -1.87267 -16.8965 1.72954
    vertex -2.49511 -16.8159 3.80013
  endloop
endfacet
facet normal 0.0551625 0.998477 0
  outer loop
    vertex -1.87267 -16.8965 1.72954
    vertex 0 -17 2.77778
    vertex 0 -17 0
  endloop
endfacet
facet normal 0.648874 0.760896 -1.97382e-14
  outer loop
    vertex -9.97157 -13.7684 27.5171
    vertex -12.0208 -12.0208 26.0333
    vertex -12.0208 -12.0208 28.8653
  endloop
endfacet
facet normal 0.654864 0.755608 -0.0145022
  outer loop
    vertex -12.0208 -12.0208 26.0333
    vertex -9.97157 -13.7684 27.5171
    vertex -10.4477 -13.4106 24.6547
  endloop
endfacet
facet normal 0.514102 0.857545 -0.0177765
  outer loop
    vertex -8.26632 -14.8549 24.4186
    vertex -9.97157 -13.7684 27.5171
    vertex -7.43782 -15.2866 27.5556
  endloop
endfacet
facet normal 0.552922 0.833145 0.0121444
  outer loop
    vertex -9.97157 -13.7684 27.5171
    vertex -8.26632 -14.8549 24.4186
    vertex -10.4477 -13.4106 24.6547
  endloop
endfacet
facet normal 0.760896 0.648874 1.80172e-14
  outer loop
    vertex -12.0208 -12.0208 26.0333
    vertex -13.7684 -9.97157 27.5171
    vertex -12.0208 -12.0208 28.8653
  endloop
endfacet
facet normal 0.755608 0.654864 -0.0145022
  outer loop
    vertex -13.7684 -9.97157 27.5171
    vertex -12.0208 -12.0208 26.0333
    vertex -13.4106 -10.4477 24.6547
  endloop
endfacet
facet normal 0.857545 0.514102 -0.0177765
  outer loop
    vertex -13.7684 -9.97157 27.5171
    vertex -14.8549 -8.26632 24.4186
    vertex -15.2866 -7.43782 27.5556
  endloop
endfacet
facet normal 0.833145 0.552922 0.0121444
  outer loop
    vertex -14.8549 -8.26632 24.4186
    vertex -13.7684 -9.97157 27.5171
    vertex -13.4106 -10.4477 24.6547
  endloop
endfacet
facet normal 0.49678 0.867536 -0.024328
  outer loop
    vertex -7.02628 -15.48 39.4016
    vertex -7.81536 -15.097 36.9465
    vertex -9.77736 -13.907 39.3204
  endloop
endfacet
facet normal 0.643518 0.765431 -1.17099e-13
  outer loop
    vertex -9.77736 -13.907 39.3204
    vertex -12.0208 -12.0208 37.8962
    vertex -12.0208 -12.0208 40.2149
  endloop
endfacet
facet normal 0.867536 0.49678 -0.024328
  outer loop
    vertex -15.097 -7.81536 36.9465
    vertex -15.48 -7.02628 39.4016
    vertex -13.907 -9.77736 39.3204
  endloop
endfacet
facet normal 0.765431 0.643518 1.1712e-13
  outer loop
    vertex -12.0208 -12.0208 37.8962
    vertex -13.907 -9.77736 39.3204
    vertex -12.0208 -12.0208 40.2149
  endloop
endfacet
facet normal 0.975993 0.2178 -0.00104375
  outer loop
    vertex -16.8217 -2.45589 6.58606
    vertex -16.2779 -4.90191 4.60961
    vertex -16.8159 -2.49511 3.80013
  endloop
endfacet
facet normal 0.977389 0.211322 0.00735724
  outer loop
    vertex -16.2779 -4.90191 4.60961
    vertex -16.8217 -2.45589 6.58606
    vertex -16.3589 -4.62452 7.39849
  endloop
endfacet
facet normal 0.217958 0.975958 -0.00104605
  outer loop
    vertex -4.90714 -16.2764 4.60646
    vertex -2.45589 -16.8217 6.58606
    vertex -2.49511 -16.8159 3.80013
  endloop
endfacet
facet normal 0.211372 0.977377 0.00749934
  outer loop
    vertex -2.45589 -16.8217 6.58606
    vertex -4.90714 -16.2764 4.60646
    vertex -4.62452 -16.3589 7.39849
  endloop
endfacet
facet normal 0.985862 0.166318 0.0203377
  outer loop
    vertex -16.9115 -1.73209 48.2739
    vertex -16.7907 -2.65939 50
    vertex -16.5254 -3.98891 48.0119
  endloop
endfacet
facet normal 0.985518 0.169427 -0.00694591
  outer loop
    vertex -16.885 -1.97422 46.1352
    vertex -16.9115 -1.73209 48.2739
    vertex -16.5254 -3.98891 48.0119
  endloop
endfacet
facet normal 0.99848 0.0547617 0.00619726
  outer loop
    vertex -16.9115 -1.73209 48.2739
    vertex -16.885 -1.97422 46.1352
    vertex -17 0 47.2222
  endloop
endfacet
facet normal 0.166318 0.985862 0.0203377
  outer loop
    vertex -2.65939 -16.7907 50
    vertex -1.73209 -16.9115 48.2739
    vertex -3.98891 -16.5254 48.0119
  endloop
endfacet
facet normal 0.169427 0.985518 -0.00694591
  outer loop
    vertex -1.73209 -16.9115 48.2739
    vertex -1.97422 -16.885 46.1352
    vertex -3.98891 -16.5254 48.0119
  endloop
endfacet
facet normal 0.0547617 0.99848 0.00619726
  outer loop
    vertex -1.97422 -16.885 46.1352
    vertex -1.73209 -16.9115 48.2739
    vertex 0 -17 47.2222
  endloop
endfacet
facet normal 0.977854 0.208947 -0.0119557
  outer loop
    vertex -16.7758 -2.75155 41.1504
    vertex -16.8444 -2.2946 43.5269
    vertex -16.3611 -4.61668 42.4742
  endloop
endfacet
facet normal 0.997881 0.064626 0.0075746
  outer loop
    vertex -16.885 -1.97422 46.1352
    vertex -16.8444 -2.2946 43.5269
    vertex -17 0 44.4444
  endloop
endfacet
facet normal 0.981943 0.189009 -0.00795125
  outer loop
    vertex -16.4358 -4.34329 45.2904
    vertex -16.8444 -2.2946 43.5269
    vertex -16.885 -1.97422 46.1352
  endloop
endfacet
facet normal 0.97958 0.200952 0.00647172
  outer loop
    vertex -16.4358 -4.34329 45.2904
    vertex -16.3611 -4.61668 42.4742
    vertex -16.8444 -2.2946 43.5269
  endloop
endfacet
facet normal 0.208947 0.977854 -0.0119557
  outer loop
    vertex -2.2946 -16.8444 43.5269
    vertex -2.75155 -16.7758 41.1504
    vertex -4.61668 -16.3611 42.4742
  endloop
endfacet
facet normal 0.064626 0.997881 0.0075746
  outer loop
    vertex -2.2946 -16.8444 43.5269
    vertex -1.97422 -16.885 46.1352
    vertex 0 -17 44.4444
  endloop
endfacet
facet normal 0.189009 0.981943 -0.00795125
  outer loop
    vertex -2.2946 -16.8444 43.5269
    vertex -4.34329 -16.4358 45.2904
    vertex -1.97422 -16.885 46.1352
  endloop
endfacet
facet normal 0.200952 0.97958 0.00647172
  outer loop
    vertex -4.61668 -16.3611 42.4742
    vertex -4.34329 -16.4358 45.2904
    vertex -2.2946 -16.8444 43.5269
  endloop
endfacet
facet normal 0.870405 0.491751 0.0240192
  outer loop
    vertex -15.5505 -6.86886 6.84473
    vertex -15.0743 -7.85906 9.86084
    vertex -13.9986 -9.64575 7.45663
  endloop
endfacet
facet normal 0.851335 0.524547 -0.00888574
  outer loop
    vertex -15.0743 -7.85906 9.86084
    vertex -13.7533 -9.99229 10.494
    vertex -13.9986 -9.64575 7.45663
  endloop
endfacet
facet normal 0.84757 0.530359 0.0185505
  outer loop
    vertex -13.7533 -9.99229 10.494
    vertex -15.0743 -7.85906 9.86084
    vertex -14.6978 -8.54259 12.1979
  endloop
endfacet
facet normal 0.490846 0.870945 0.0229095
  outer loop
    vertex -7.85906 -15.0743 9.86084
    vertex -6.88715 -15.5424 6.8332
    vertex -9.64183 -14.0013 7.26289
  endloop
endfacet
facet normal 0.537386 0.843086 -0.020534
  outer loop
    vertex -10.4102 -13.4398 10.2071
    vertex -7.85906 -15.0743 9.86084
    vertex -9.64183 -14.0013 7.26289
  endloop
endfacet
facet normal 0.541544 0.840358 0.0229842
  outer loop
    vertex -7.85906 -15.0743 9.86084
    vertex -10.4102 -13.4398 10.2071
    vertex -8.54259 -14.6978 12.1979
  endloop
endfacet
facet normal 0.0811962 0.996698 -0
  outer loop
    vertex 0 -17 38.8889
    vertex -2.75155 -16.7758 41.1504
    vertex 0 -17 41.6667
  endloop
endfacet
facet normal 0.0788017 0.996886 -0.00293194
  outer loop
    vertex 0 -17 38.8889
    vertex -2.65288 -16.7917 38.4009
    vertex -2.75155 -16.7758 41.1504
  endloop
endfacet
facet normal 0.996698 0.0811962 0
  outer loop
    vertex -16.7758 -2.75155 41.1504
    vertex -17 0 38.8889
    vertex -17 0 41.6667
  endloop
endfacet
facet normal 0.996886 0.0788017 -0.00293194
  outer loop
    vertex -16.7917 -2.65288 38.4009
    vertex -17 0 38.8889
    vertex -16.7758 -2.75155 41.1504
