solid Created by Gmsh
facet normal 0.183961 0.982934 0
  outer loop
    vertex -1.08493 -2.79695 1.54354
    vertex 0 -3 2.77778
    vertex 0 -3 1.38889
  endloop
endfacet
facet normal 0.985633 0.168901 0
  outer loop
    vertex -3 0 2.77778
    vertex -2.82883 -0.998848 1.50442
    vertex -3 0 1.38889
  endloop
endfacet
facet normal 0.592292 0.805193 0.029218
  outer loop
    vertex -1.22743 -2.73741 47.5621
    vertex -2.19629 -2.0436 48.0822
    vertex -1.43963 -2.63201 48.959
  endloop
endfacet
facet normal 0.844054 0.536185 -0.00887633
  outer loop
    vertex -2.19629 -2.0436 48.0822
    vertex -2.77314 -1.14442 47.5456
    vertex -2.79733 -1.08394 48.8985
  endloop
endfacet
facet normal 0.227944 0.972839 -0.0403236
  outer loop
    vertex -1.35807 -2.67501 2.94154
    vertex 0 -3 2.77778
    vertex -1.08493 -2.79695 1.54354
  endloop
endfacet
facet normal 0.568891 0.821464 0.0394944
  outer loop
    vertex -2.15202 -2.09017 2.21361
    vertex -1.35807 -2.67501 2.94154
    vertex -1.08493 -2.79695 1.54354
  endloop
endfacet
facet normal 0.974117 0.221896 -0.0431182
  outer loop
    vertex -3 0 2.77778
    vertex -2.69105 -1.326 2.93372
    vertex -2.82883 -0.998848 1.50442
  endloop
endfacet
facet normal 0.83571 0.547348 0.0447173
  outer loop
    vertex -2.69105 -1.326 2.93372
    vertex -2.15202 -2.09017 2.21361
    vertex -2.82883 -0.998848 1.50442
  endloop
endfacet
facet normal 0.209201 0.977873 0
  outer loop
    vertex -1.22743 -2.73741 47.5621
    vertex 0 -3 48.6111
    vertex 0 -3 47.2222
  endloop
endfacet
facet normal 0.239108 0.970292 -0.03689
  outer loop
    vertex -1.43963 -2.63201 48.959
    vertex 0 -3 48.6111
    vertex -1.22743 -2.73741 47.5621
  endloop
endfacet
facet normal 0.980913 0.194448 0
  outer loop
    vertex -3 0 48.6111
    vertex -2.77314 -1.14442 47.5456
    vertex -3 0 47.2222
  endloop
endfacet
facet normal 0.982478 0.186148 0.00924899
  outer loop
    vertex -3 0 48.6111
    vertex -2.79733 -1.08394 48.8985
    vertex -2.77314 -1.14442 47.5456
  endloop
endfacet
facet normal 0.57847 0.815637 -0.0104578
  outer loop
    vertex -1.22743 -2.73741 47.5621
    vertex -2.14589 -2.09647 46.7472
    vertex -2.19629 -2.0436 48.0822
  endloop
endfacet
facet normal 0.838888 0.54421 0.0101228
  outer loop
    vertex -2.14589 -2.09647 46.7472
    vertex -2.77314 -1.14442 47.5456
    vertex -2.19629 -2.0436 48.0822
  endloop
endfacet
facet normal 0.985871 0.167506 0
  outer loop
    vertex -3 0 34.7222
    vertex -2.83165 -0.990837 34.7263
    vertex -3 0 33.3333
  endloop
endfacet
facet normal 0.839554 0.542883 -0.0206881
  outer loop
    vertex -2.12132 -2.12132 33.8872
    vertex -2.77164 -1.14805 33.0362
    vertex -2.83165 -0.990837 34.7263
  endloop
endfacet
facet normal 0.981479 0.190803 0.0171013
  outer loop
    vertex -2.77164 -1.14805 33.0362
    vertex -3 0 33.3333
    vertex -2.83165 -0.990837 34.7263
  endloop
endfacet
facet normal 0.167506 0.985871 0
  outer loop
    vertex -0.990837 -2.83165 34.7263
    vertex 0 -3 34.7222
    vertex 0 -3 33.3333
  endloop
endfacet
facet normal 0.542883 0.839554 -0.0206881
  outer loop
    vertex -1.14805 -2.77164 33.0362
    vertex -2.12132 -2.12132 33.8872
    vertex -0.990837 -2.83165 34.7263
  endloop
endfacet
facet normal 0.190803 0.981479 0.0171013
  outer loop
    vertex 0 -3 33.3333
    vertex -1.14805 -2.77164 33.0362
    vertex -0.990837 -2.83165 34.7263
  endloop
endfacet
facet normal 0.985054 0.172245 0
  outer loop
    vertex -3 0 20.8333
    vertex -2.82199 -1.01802 20.6559
    vertex -3 0 19.4444
  endloop
endfacet
facet normal 0.837969 0.545388 -0.0189395
  outer loop
    vertex -2.12132 -2.12132 19.8858
    vertex -2.77164 -1.14805 19.1394
    vertex -2.82199 -1.01802 20.6559
  endloop
endfacet
facet normal 0.981472 0.190918 0.0162175
  outer loop
    vertex -2.77164 -1.14805 19.1394
    vertex -3 0 19.4444
    vertex -2.82199 -1.01802 20.6559
  endloop
endfacet
facet normal 0.172245 0.985054 0
  outer loop
    vertex -1.01802 -2.82199 20.6559
    vertex 0 -3 20.8333
    vertex 0 -3 19.4444
  endloop
endfacet
facet normal 0.545388 0.837969 -0.0189395
  outer loop
    vertex -1.14805 -2.77164 19.1394
    vertex -2.12132 -2.12132 19.8858
    vertex -1.01802 -2.82199 20.6559
  endloop
endfacet
facet normal 0.190918 0.981472 0.0162175
  outer loop
    vertex 0 -3 19.4444
    vertex -1.14805 -2.77164 19.1394
    vertex -1.01802 -2.82199 20.6559
  endloop
endfacet
facet normal 0.831235 0.555921 -0.000766957
  outer loop
    vertex -2.77164 -1.14805 44.415
    vertex -2.12132 -2.12132 43.77
    vertex -2.76913 -1.15409 42.7557
  endloop
endfacet
facet normal 0.555921 0.831235 -0.000766957
  outer loop
    vertex -2.12132 -2.12132 43.77
    vertex -1.14805 -2.77164 44.415
    vertex -1.15409 -2.76913 42.7557
  endloop
endfacet
facet normal 0.980785 0.19509 0
  outer loop
    vertex -2.77164 -1.14805 37.7854
    vertex -3 0 37.5
    vertex -3 0 38.8889
  endloop
endfacet
facet normal 0.83147 0.55557 0
  outer loop
    vertex -2.77164 -1.14805 37.7854
    vertex -2.12132 -2.12132 38.1564
    vertex -2.12132 -2.12132 36.8859
  endloop
endfacet
facet normal 0.83147 0.55557 0
  outer loop
    vertex -2.77164 -1.14805 39.17
    vertex -2.12132 -2.12132 38.1564
    vertex -2.77164 -1.14805 37.7854
  endloop
endfacet
facet normal 0.980785 0.19509 0
  outer loop
    vertex -3 0 38.8889
    vertex -2.77164 -1.14805 39.17
    vertex -2.77164 -1.14805 37.7854
  endloop
endfacet
facet normal 0.19509 0.980785 -0
  outer loop
    vertex 0 -3 37.5
    vertex -1.14805 -2.77164 37.7854
    vertex 0 -3 38.8889
  endloop
endfacet
facet normal 0.55557 0.83147 0
  outer loop
    vertex -2.12132 -2.12132 38.1564
    vertex -1.14805 -2.77164 37.7854
    vertex -2.12132 -2.12132 36.8859
  endloop
endfacet
facet normal 0.55557 0.83147 0
  outer loop
    vertex -2.12132 -2.12132 38.1564
    vertex -1.14805 -2.77164 39.17
    vertex -1.14805 -2.77164 37.7854
  endloop
endfacet
facet normal 0.19509 0.980785 0
  outer loop
    vertex -1.14805 -2.77164 39.17
    vertex 0 -3 38.8889
    vertex -1.14805 -2.77164 37.7854
  endloop
endfacet
facet normal 0.55557 0.83147 0
  outer loop
    vertex -2.12132 -2.12132 25.7041
    vertex -1.14805 -2.77164 26.363
    vertex -1.14805 -2.77164 24.6501
  endloop
endfacet
facet normal 0.83147 0.55557 0
  outer loop
    vertex -2.77164 -1.14805 26.363
    vertex -2.12132 -2.12132 25.7041
    vertex -2.77164 -1.14805 24.6501
  endloop
endfacet
facet normal 0.83147 0.55557 0
  outer loop
    vertex -2.77164 -1.14805 13.8884
    vertex -2.12132 -2.12132 15.2217
    vertex -2.12132 -2.12132 13.8889
  endloop
endfacet
facet normal 0.83147 0.55557 0
  outer loop
    vertex -2.77164 -1.14805 15.2647
    vertex -2.12132 -2.12132 15.2217
    vertex -2.77164 -1.14805 13.8884
  endloop
endfacet
facet normal 0.55557 0.83147 0
  outer loop
    vertex -2.12132 -2.12132 15.2217
    vertex -1.14805 -2.77164 13.8884
    vertex -2.12132 -2.12132 13.8889
  endloop
endfacet
facet normal 0.55557 0.83147 0
  outer loop
    vertex -2.12132 -2.12132 15.2217
    vertex -1.14805 -2.77164 15.2647
    vertex -1.14805 -2.77164 13.8884
  endloop
endfacet
facet normal 0.83147 0.55557 -0
  outer loop
    vertex -2.12132 -2.12132 12.5584
    vertex -2.77164 -1.14805 13.8884
    vertex -2.12132 -2.12132 13.8889
  endloop
endfacet
facet normal 0.83147 0.55557 0
  outer loop
    vertex -2.12132 -2.12132 12.5584
    vertex -2.77164 -1.14805 12.5071
    vertex -2.77164 -1.14805 13.8884
  endloop
endfacet
facet normal 0.55557 0.83147 0
  outer loop
    vertex -1.14805 -2.77164 13.8884
    vertex -2.12132 -2.12132 12.5584
    vertex -2.12132 -2.12132 13.8889
  endloop
endfacet
facet normal 0.55557 0.83147 -0
  outer loop
    vertex -1.14805 -2.77164 12.5071
    vertex -2.12132 -2.12132 12.5584
    vertex -1.14805 -2.77164 13.8884
  endloop
endfacet
facet normal 0.83125 0.555898 -3.98978e-14
  outer loop
    vertex -2.77073 -1.15024 4.13885
    vertex -2.12132 -2.12132 4.96766
    vertex -2.12132 -2.12132 4.03393
  endloop
endfacet
facet normal 0.831381 0.555703 -0.000330207
  outer loop
    vertex -2.77149 -1.14841 5.30233
    vertex -2.12132 -2.12132 4.96766
    vertex -2.77073 -1.15024 4.13885
  endloop
endfacet
facet normal 0.555898 0.83125 3.92853e-14
  outer loop
    vertex -2.12132 -2.12132 4.96766
    vertex -1.15024 -2.77073 4.13885
    vertex -2.12132 -2.12132 4.03393
  endloop
endfacet
facet normal 0.555703 0.831381 -0.000330207
  outer loop
    vertex -2.12132 -2.12132 4.96766
    vertex -1.14841 -2.77149 5.30233
    vertex -1.15024 -2.77073 4.13885
  endloop
endfacet
facet normal 0.980785 0.19509 0
  outer loop
    vertex -3 0 19.4444
    vertex -2.77164 -1.14805 19.1394
    vertex -3 0 18.0556
  endloop
endfacet
facet normal 0.83147 0.55557 -0
  outer loop
    vertex -2.12132 -2.12132 18.2621
    vertex -2.77164 -1.14805 19.1394
    vertex -2.12132 -2.12132 19.8858
  endloop
endfacet
facet normal 0.83147 0.55557 0
  outer loop
    vertex -2.12132 -2.12132 18.2621
    vertex -2.77164 -1.14805 18.1663
    vertex -2.77164 -1.14805 19.1394
  endloop
endfacet
facet normal 0.980785 0.19509 -0
  outer loop
    vertex -2.77164 -1.14805 18.1663
    vertex -3 0 18.0556
    vertex -2.77164 -1.14805 19.1394
  endloop
endfacet
facet normal 0.19509 0.980785 0
  outer loop
    vertex -1.14805 -2.77164 19.1394
    vertex 0 -3 19.4444
    vertex 0 -3 18.0556
  endloop
endfacet
facet normal 0.55557 0.83147 0
  outer loop
    vertex -1.14805 -2.77164 19.1394
    vertex -2.12132 -2.12132 18.2621
    vertex -2.12132 -2.12132 19.8858
  endloop
endfacet
facet normal 0.55557 0.83147 -0
  outer loop
    vertex -1.14805 -2.77164 18.1663
    vertex -2.12132 -2.12132 18.2621
    vertex -1.14805 -2.77164 19.1394
  endloop
endfacet
facet normal 0.19509 0.980785 0
  outer loop
    vertex 0 -3 18.0556
    vertex -1.14805 -2.77164 18.1663
    vertex -1.14805 -2.77164 19.1394
  endloop
endfacet
facet normal 0.980785 0.19509 0
  outer loop
    vertex -3 0 33.3333
    vertex -2.77164 -1.14805 33.0362
    vertex -3 0 31.9444
  endloop
endfacet
facet normal 0.83147 0.55557 -0
  outer loop
    vertex -2.12132 -2.12132 32.5417
    vertex -2.77164 -1.14805 33.0362
    vertex -2.12132 -2.12132 33.8872
  endloop
endfacet
facet normal 0.822164 0.568059 -0.0368159
  outer loop
    vertex -2.12132 -2.12132 32.5417
    vertex -2.67302 -1.36197 31.9378
    vertex -2.77164 -1.14805 33.0362
  endloop
endfacet
facet normal 0.971565 0.233048 0.0418433
  outer loop
    vertex -2.67302 -1.36197 31.9378
    vertex -3 0 31.9444
    vertex -2.77164 -1.14805 33.0362
  endloop
endfacet
facet normal 0.19509 0.980785 0
  outer loop
    vertex -1.14805 -2.77164 33.0362
    vertex 0 -3 33.3333
    vertex 0 -3 31.9444
  endloop
endfacet
facet normal 0.55557 0.83147 0
  outer loop
    vertex -1.14805 -2.77164 33.0362
    vertex -2.12132 -2.12132 32.5417
    vertex -2.12132 -2.12132 33.8872
  endloop
endfacet
facet normal 0.568059 0.822164 -0.0368159
  outer loop
    vertex -1.36197 -2.67302 31.9378
    vertex -2.12132 -2.12132 32.5417
    vertex -1.14805 -2.77164 33.0362
  endloop
endfacet
facet normal 0.233048 0.971565 0.0418433
  outer loop
    vertex 0 -3 31.9444
    vertex -1.36197 -2.67302 31.9378
    vertex -1.14805 -2.77164 33.0362
  endloop
endfacet
facet normal 0.980785 0.19509 0
  outer loop
    vertex -2.77164 -1.14805 39.17
    vertex -3 0 38.8889
    vertex -3 0 40.2778
  endloop
endfacet
facet normal 0.83147 0.55557 0
  outer loop
    vertex -2.77164 -1.14805 39.17
    vertex -2.12132 -2.12132 39.6422
    vertex -2.12132 -2.12132 38.1564
  endloop
endfacet
facet normal 0.82262 0.567413 0.0365986
  outer loop
    vertex -2.67302 -1.36197 40.2699
    vertex -2.12132 -2.12132 39.6422
    vertex -2.77164 -1.14805 39.17
  endloop
endfacet
facet normal 0.97147 0.23347 -0.0416951
  outer loop
    vertex -3 0 40.2778
    vertex -2.67302 -1.36197 40.2699
    vertex -2.77164 -1.14805 39.17
  endloop
endfacet
facet normal 0.19509 0.980785 -0
  outer loop
    vertex 0 -3 38.8889
    vertex -1.14805 -2.77164 39.17
    vertex 0 -3 40.2778
  endloop
endfacet
facet normal 0.55557 0.83147 0
  outer loop
    vertex -2.12132 -2.12132 39.6422
    vertex -1.14805 -2.77164 39.17
    vertex -2.12132 -2.12132 38.1564
  endloop
endfacet
facet normal 0.567413 0.82262 0.0365986
  outer loop
    vertex -2.12132 -2.12132 39.6422
    vertex -1.36197 -2.67302 40.2699
    vertex -1.14805 -2.77164 39.17
  endloop
endfacet
facet normal 0.23347 0.97147 -0.0416951
  outer loop
    vertex -1.36197 -2.67302 40.2699
    vertex 0 -3 40.2778
    vertex -1.14805 -2.77164 39.17
  endloop
endfacet
facet normal 0.830355 0.554825 -0.051771
  outer loop
    vertex -2.12132 -2.12132 50
    vertex -2.32409 -1.897 49.1518
    vertex -2.77164 -1.14805 50
  endloop
endfacet
facet normal 0.862964 0.50518 0.00927243
  outer loop
    vertex -2.32409 -1.897 49.1518
    vertex -2.79733 -1.08394 48.8985
    vertex -2.77164 -1.14805 50
  endloop
endfacet
facet normal 0.201505 0.979487 0
  outer loop
    vertex -1.18423 -2.75637 30.8828
    vertex 0 -3 31.9444
    vertex 0 -3 30.5556
  endloop
endfacet
facet normal 0.233454 0.971647 -0.0374372
  outer loop
    vertex -1.36197 -2.67302 31.9378
    vertex 0 -3 31.9444
    vertex -1.18423 -2.75637 30.8828
  endloop
endfacet
facet normal 0.979487 0.201505 0
  outer loop
    vertex -3 0 31.9444
    vertex -2.75637 -1.18423 30.8828
    vertex -3 0 30.5556
  endloop
endfacet
facet normal 0.971647 0.233454 -0.0374372
  outer loop
    vertex -3 0 31.9444
    vertex -2.67302 -1.36197 31.9378
    vertex -2.75637 -1.18423 30.8828
  endloop
endfacet
facet normal 0.979487 0.201505 0
  outer loop
    vertex -2.75637 -1.18423 41.4154
    vertex -3 0 40.2778
    vertex -3 0 41.6667
  endloop
endfacet
facet normal 0.971835 0.233118 0.0345458
  outer loop
    vertex -2.67302 -1.36197 40.2699
    vertex -3 0 40.2778
    vertex -2.75637 -1.18423 41.4154
  endloop
endfacet
facet normal 0.980785 0.19509 0
  outer loop
    vertex -2.77164 -1.14805 11.1141
    vertex -3 0 9.72222
    vertex -3 0 11.1111
  endloop
endfacet
facet normal 0.975364 0.219592 0.0210985
  outer loop
    vertex -2.70291 -1.30165 9.53538
    vertex -3 0 9.72222
    vertex -2.77164 -1.14805 11.1141
  endloop
endfacet
facet normal 0.19509 0.980785 -0
  outer loop
    vertex 0 -3 9.72222
    vertex -1.14805 -2.77164 11.1141
    vertex 0 -3 11.1111
  endloop
endfacet
facet normal 0.219592 0.975364 0.0210985
  outer loop
    vertex 0 -3 9.72222
    vertex -1.30165 -2.70291 9.53538
    vertex -1.14805 -2.77164 11.1141
  endloop
endfacet
facet normal 0.985871 0.167506 0
  outer loop
    vertex -2.83165 -0.990837 34.7263
    vertex -3 0 34.7222
    vertex -3 0 36.1111
  endloop
endfacet
facet normal 0.839832 0.542467 0.0202927
  outer loop
    vertex -2.77164 -1.14805 36.4453
    vertex -2.12132 -2.12132 35.5489
    vertex -2.83165 -0.990837 34.7263
  endloop
endfacet
facet normal 0.981574 0.190339 -0.0168596
  outer loop
    vertex -3 0 36.1111
    vertex -2.77164 -1.14805 36.4453
    vertex -2.83165 -0.990837 34.7263
  endloop
endfacet
facet normal 0.167506 0.985871 -0
  outer loop
    vertex 0 -3 34.7222
    vertex -0.990837 -2.83165 34.7263
    vertex 0 -3 36.1111
  endloop
endfacet
facet normal 0.542467 0.839832 0.0202927
  outer loop
    vertex -2.12132 -2.12132 35.5489
    vertex -1.14805 -2.77164 36.4453
    vertex -0.990837 -2.83165 34.7263
  endloop
endfacet
facet normal 0.190339 0.981574 -0.0168596
  outer loop
    vertex -1.14805 -2.77164 36.4453
    vertex 0 -3 36.1111
    vertex -0.990837 -2.83165 34.7263
  endloop
endfacet
facet normal 0.980801 0.19501 0
  outer loop
    vertex -2.77183 -1.1476 45.7948
    vertex -3 0 44.4444
    vertex -3 0 45.8333
  endloop
endfacet
facet normal 0.980786 0.195089 6.93736e-05
  outer loop
    vertex -2.77164 -1.14805 44.415
    vertex -3 0 44.4444
    vertex -2.77183 -1.1476 45.7948
  endloop
endfacet
facet normal 0.196856 0.980432 -0
  outer loop
    vertex 0 -3 44.4444
    vertex -1.15803 -2.76749 45.7969
    vertex 0 -3 45.8333
  endloop
endfacet
facet normal 0.195128 0.980777 -0.00153904
  outer loop
    vertex 0 -3 44.4444
    vertex -1.14805 -2.77164 44.415
    vertex -1.15803 -2.76749 45.7969
  endloop
endfacet
facet normal 0.980785 0.19509 0
  outer loop
    vertex -3 0 37.5
    vertex -2.77164 -1.14805 36.4453
    vertex -3 0 36.1111
  endloop
endfacet
facet normal 0.980785 0.19509 0
  outer loop
    vertex -3 0 37.5
    vertex -2.77164 -1.14805 37.7854
    vertex -2.77164 -1.14805 36.4453
  endloop
endfacet
facet normal 0.83147 0.55557 -0
  outer loop
    vertex -2.12132 -2.12132 35.5489
    vertex -2.77164 -1.14805 36.4453
    vertex -2.12132 -2.12132 36.8859
  endloop
endfacet
facet normal 0.83147 0.55557 0
  outer loop
    vertex -2.77164 -1.14805 37.7854
    vertex -2.12132 -2.12132 36.8859
    vertex -2.77164 -1.14805 36.4453
  endloop
endfacet
facet normal 0.19509 0.980785 0
  outer loop
    vertex -1.14805 -2.77164 36.4453
    vertex 0 -3 37.5
    vertex 0 -3 36.1111
  endloop
endfacet
facet normal 0.19509 0.980785 0
  outer loop
    vertex -1.14805 -2.77164 37.7854
    vertex 0 -3 37.5
    vertex -1.14805 -2.77164 36.4453
  endloop
endfacet
facet normal 0.55557 0.83147 0
  outer loop
    vertex -1.14805 -2.77164 36.4453
    vertex -2.12132 -2.12132 35.5489
    vertex -2.12132 -2.12132 36.8859
  endloop
endfacet
facet normal 0.55557 0.83147 0
  outer loop
    vertex -2.12132 -2.12132 36.8859
    vertex -1.14805 -2.77164 37.7854
    vertex -1.14805 -2.77164 36.4453
  endloop
endfacet
facet normal 0.980785 0.19509 0
  outer loop
    vertex -2.77164 -1.14805 23.2018
    vertex -3 0 22.2222
    vertex -3 0 23.6111
  endloop
endfacet
facet normal 0.974353 0.2225 0.0336231
  outer loop
    vertex -2.68813 -1.3319 21.9985
    vertex -3 0 22.2222
    vertex -2.77164 -1.14805 23.2018
  endloop
endfacet
facet normal 0.83147 0.55557 0
  outer loop
    vertex -2.77164 -1.14805 23.2018
    vertex -2.12132 -2.12132 24.0206
    vertex -2.12132 -2.12132 22.6476
  endloop
endfacet
facet normal 0.823274 0.566878 -0.0294761
  outer loop
    vertex -2.12132 -2.12132 22.6476
    vertex -2.68813 -1.3319 21.9985
    vertex -2.77164 -1.14805 23.2018
  endloop
endfacet
facet normal 0.19509 0.980785 -0
  outer loop
    vertex 0 -3 22.2222
    vertex -1.14805 -2.77164 23.2018
    vertex 0 -3 23.6111
  endloop
endfacet
facet normal 0.2225 0.974353 0.0336231
  outer loop
    vertex 0 -3 22.2222
    vertex -1.3319 -2.68813 21.9985
    vertex -1.14805 -2.77164 23.2018
  endloop
endfacet
facet normal 0.55557 0.83147 0
  outer loop
    vertex -2.12132 -2.12132 24.0206
    vertex -1.14805 -2.77164 23.2018
    vertex -2.12132 -2.12132 22.6476
  endloop
endfacet
facet normal 0.566878 0.823274 -0.0294761
  outer loop
    vertex -1.3319 -2.68813 21.9985
    vertex -2.12132 -2.12132 22.6476
    vertex -1.14805 -2.77164 23.2018
  endloop
endfacet
facet normal 0.980572 0.19616 0
  outer loop
    vertex -2.76913 -1.15409 42.7557
    vertex -3 0 41.6667
    vertex -3 0 43.0556
  endloop
endfacet
facet normal 0.979677 0.200523 0.00481329
  outer loop
    vertex -2.75637 -1.18423 41.4154
    vertex -3 0 41.6667
    vertex -2.76913 -1.15409 42.7557
  endloop
endfacet
facet normal 0.829641 0.558278 -0.00465859
  outer loop
    vertex -2.12132 -2.12132 42.2117
    vertex -2.75637 -1.18423 41.4154
    vertex -2.76913 -1.15409 42.7557
  endloop
endfacet
facet normal 0.980785 0.19509 0
  outer loop
    vertex -3 0 12.5
    vertex -2.77164 -1.14805 11.1141
    vertex -3 0 11.1111
  endloop
endfacet
facet normal 0.980785 0.19509 0
  outer loop
    vertex -3 0 12.5
    vertex -2.77164 -1.14805 12.5071
    vertex -2.77164 -1.14805 11.1141
  endloop
endfacet
facet normal 0.19509 0.980785 0
  outer loop
    vertex -1.14805 -2.77164 11.1141
    vertex 0 -3 12.5
    vertex 0 -3 11.1111
  endloop
endfacet
facet normal 0.19509 0.980785 0
  outer loop
    vertex -1.14805 -2.77164 12.5071
    vertex 0 -3 12.5
    vertex -1.14805 -2.77164 11.1141
  endloop
endfacet
facet normal 0.979862 0.199675 0
  outer loop
    vertex -2.76078 -1.17392 7.88796
    vertex -3 0 6.94444
    vertex -3 0 8.33333
  endloop
endfacet
facet normal 0.980536 0.19629 -0.00438248
  outer loop
    vertex -2.77161 -1.14811 6.62006
    vertex -3 0 6.94444
    vertex -2.76078 -1.17392 7.88796
  endloop
endfacet
facet normal 0.829934 0.557845 0.00426544
  outer loop
    vertex -2.12132 -2.12132 7.37016
    vertex -2.77161 -1.14811 6.62006
    vertex -2.76078 -1.17392 7.88796
  endloop
endfacet
facet normal 0.199675 0.979862 -0
  outer loop
    vertex 0 -3 6.94444
    vertex -1.17392 -2.76078 7.88796
    vertex 0 -3 8.33333
  endloop
endfacet
facet normal 0.19629 0.980536 -0.00438248
  outer loop
    vertex 0 -3 6.94444
    vertex -1.14811 -2.77161 6.62006
    vertex -1.17392 -2.76078 7.88796
  endloop
endfacet
facet normal 0.557845 0.829934 0.00426544
  outer loop
    vertex -1.14811 -2.77161 6.62006
    vertex -2.12132 -2.12132 7.37016
    vertex -1.17392 -2.76078 7.88796
  endloop
endfacet
facet normal 0.19509 0.980785 -0
  outer loop
    vertex 0 -3 23.6111
    vertex -1.14805 -2.77164 24.6501
    vertex 0 -3 25
  endloop
endfacet
facet normal 0.19509 0.980785 0
  outer loop
    vertex 0 -3 23.6111
    vertex -1.14805 -2.77164 23.2018
    vertex -1.14805 -2.77164 24.6501
  endloop
endfacet
facet normal 0.55557 0.83147 -0
  outer loop
    vertex -1.14805 -2.77164 23.2018
    vertex -2.12132 -2.12132 24.0206
    vertex -1.14805 -2.77164 24.6501
  endloop
endfacet
facet normal 0.201505 0.979487 -0
  outer loop
    vertex 0 -3 40.2778
    vertex -1.18423 -2.75637 41.4154
    vertex 0 -3 41.6667
  endloop
endfacet
facet normal 0.233118 0.971835 0.0345458
  outer loop
    vertex 0 -3 40.2778
    vertex -1.36197 -2.67302 40.2699
    vertex -1.18423 -2.75637 41.4154
  endloop
endfacet
facet normal 0.980801 0.19501 0
  outer loop
    vertex -3 0 47.2222
    vertex -2.77183 -1.1476 45.7948
    vertex -3 0 45.8333
  endloop
endfacet
facet normal 0.980892 0.194552 0.000382528
  outer loop
    vertex -3 0 47.2222
    vertex -2.77314 -1.14442 47.5456
    vertex -2.77183 -1.1476 45.7948
  endloop
endfacet
facet normal 0.83178 0.55507 0.00634695
  outer loop
    vertex -2.14589 -2.09647 46.7472
    vertex -2.12132 -2.12132 45.7014
    vertex -2.77183 -1.1476 45.7948
  endloop
endfacet
facet normal 0.834908 0.55039 -0.000372332
  outer loop
    vertex -2.77183 -1.1476 45.7948
    vertex -2.77314 -1.14442 47.5456
    vertex -2.14589 -2.09647 46.7472
  endloop
endfacet
facet normal 0.196856 0.980432 0
  outer loop
    vertex -1.15803 -2.76749 45.7969
    vertex 0 -3 47.2222
    vertex 0 -3 45.8333
  endloop
endfacet
facet normal 0.206934 0.978318 -0.00853235
  outer loop
    vertex -1.22743 -2.73741 47.5621
    vertex 0 -3 47.2222
    vertex -1.15803 -2.76749 45.7969
  endloop
endfacet
facet normal 0.557508 0.830145 -0.0066325
  outer loop
    vertex -2.12132 -2.12132 45.7014
    vertex -2.14589 -2.09647 46.7472
    vertex -1.15803 -2.76749 45.7969
  endloop
endfacet
facet normal 0.56731 0.823463 0.00827565
  outer loop
    vertex -1.22743 -2.73741 47.5621
    vertex -1.15803 -2.76749 45.7969
    vertex -2.14589 -2.09647 46.7472
  endloop
endfacet
facet normal 0.980785 0.19509 0
  outer loop
    vertex -2.77164 -1.14805 24.6501
    vertex -3 0 23.6111
    vertex -3 0 25
  endloop
endfacet
facet normal 0.980785 0.19509 -0
  outer loop
    vertex -2.77164 -1.14805 23.2018
    vertex -3 0 23.6111
    vertex -2.77164 -1.14805 24.6501
  endloop
endfacet
facet normal 0.83147 0.55557 0
  outer loop
    vertex -2.12132 -2.12132 24.0206
    vertex -2.77164 -1.14805 23.2018
    vertex -2.77164 -1.14805 24.6501
  endloop
endfacet
facet normal 0.19616 0.980572 -0
  outer loop
    vertex 0 -3 41.6667
    vertex -1.15409 -2.76913 42.7557
    vertex 0 -3 43.0556
  endloop
endfacet
facet normal 0.200523 0.979677 0.00481329
  outer loop
    vertex 0 -3 41.6667
    vertex -1.18423 -2.75637 41.4154
    vertex -1.15409 -2.76913 42.7557
  endloop
endfacet
facet normal 0.558278 0.829641 -0.00465859
  outer loop
    vertex -1.18423 -2.75637 41.4154
    vertex -2.12132 -2.12132 42.2117
    vertex -1.15409 -2.76913 42.7557
  endloop
endfacet
facet normal 0.19509 0.980785 -0
  outer loop
    vertex 0 -3 26.3889
    vertex -1.14805 -2.77164 27.7125
    vertex 0 -3 27.7778
  endloop
endfacet
facet normal 0.19509 0.980785 0
  outer loop
    vertex 0 -3 26.3889
    vertex -1.14805 -2.77164 26.363
    vertex -1.14805 -2.77164 27.7125
  endloop
endfacet
facet normal 0.980785 0.19509 0
  outer loop
    vertex -2.77164 -1.14805 27.7125
    vertex -3 0 26.3889
    vertex -3 0 27.7778
  endloop
endfacet
facet normal 0.980785 0.19509 -0
  outer loop
    vertex -2.77164 -1.14805 26.363
    vertex -3 0 26.3889
    vertex -2.77164 -1.14805 27.7125
  endloop
endfacet
facet normal 0.980785 0.19509 0
  outer loop
    vertex -3 0 29.1667
    vertex -2.77164 -1.14805 27.7125
    vertex -3 0 27.7778
  endloop
endfacet
facet normal 0.980785 0.19509 0
  outer loop
    vertex -3 0 29.1667
    vertex -2.77164 -1.14805 29.5494
    vertex -2.77164 -1.14805 27.7125
  endloop
endfacet
facet normal 0.83147 0.55557 -0
  outer loop
    vertex -2.12132 -2.12132 27.5308
    vertex -2.77164 -1.14805 27.7125
    vertex -2.12132 -2.12132 28.6391
  endloop
endfacet
facet normal 0.83147 0.55557 0
  outer loop
    vertex -2.77164 -1.14805 29.5494
    vertex -2.12132 -2.12132 28.6391
    vertex -2.77164 -1.14805 27.7125
  endloop
endfacet
facet normal 0.19509 0.980785 0
  outer loop
    vertex -1.14805 -2.77164 27.7125
    vertex 0 -3 29.1667
    vertex 0 -3 27.7778
  endloop
endfacet
facet normal 0.19509 0.980785 0
  outer loop
    vertex -1.14805 -2.77164 29.5494
    vertex 0 -3 29.1667
    vertex -1.14805 -2.77164 27.7125
  endloop
endfacet
facet normal 0.55557 0.83147 0
  outer loop
    vertex -1.14805 -2.77164 27.7125
    vertex -2.12132 -2.12132 27.5308
    vertex -2.12132 -2.12132 28.6391
  endloop
endfacet
facet normal 0.55557 0.83147 0
  outer loop
    vertex -2.12132 -2.12132 28.6391
    vertex -1.14805 -2.77164 29.5494
    vertex -1.14805 -2.77164 27.7125
  endloop
endfacet
facet normal 0.980785 0.19509 0
  outer loop
    vertex -3 0 18.0556
    vertex -2.77164 -1.14805 16.7027
    vertex -3 0 16.6667
  endloop
endfacet
facet normal 0.980785 0.19509 0
  outer loop
    vertex -3 0 18.0556
    vertex -2.77164 -1.14805 18.1663
    vertex -2.77164 -1.14805 16.7027
  endloop
endfacet
facet normal 0.19509 0.980785 0
  outer loop
    vertex -1.14805 -2.77164 16.7027
    vertex 0 -3 18.0556
    vertex 0 -3 16.6667
  endloop
endfacet
facet normal 0.19509 0.980785 0
  outer loop
    vertex -1.14805 -2.77164 18.1663
    vertex 0 -3 18.0556
    vertex -1.14805 -2.77164 16.7027
  endloop
endfacet
facet normal 0.980785 0.19509 0
  outer loop
    vertex -3 0 30.5556
    vertex -2.77164 -1.14805 29.5494
    vertex -3 0 29.1667
  endloop
endfacet
facet normal 0.979786 0.199967 -0.00579061
  outer loop
    vertex -3 0 30.5556
    vertex -2.75637 -1.18423 30.8828
    vertex -2.77164 -1.14805 29.5494
  endloop
endfacet
facet normal 0.83147 0.55557 -0
  outer loop
    vertex -2.12132 -2.12132 28.6391
    vertex -2.77164 -1.14805 29.5494
    vertex -2.12132 -2.12132 30.1523
  endloop
endfacet
facet normal 0.829839 0.557975 0.00564018
  outer loop
    vertex -2.75637 -1.18423 30.8828
    vertex -2.12132 -2.12132 30.1523
    vertex -2.77164 -1.14805 29.5494
  endloop
endfacet
facet normal 0.19509 0.980785 0
  outer loop
    vertex -1.14805 -2.77164 29.5494
    vertex 0 -3 30.5556
    vertex 0 -3 29.1667
  endloop
endfacet
facet normal 0.199967 0.979786 -0.00579061
  outer loop
    vertex -1.18423 -2.75637 30.8828
    vertex 0 -3 30.5556
    vertex -1.14805 -2.77164 29.5494
  endloop
endfacet
facet normal 0.55557 0.83147 0
  outer loop
    vertex -1.14805 -2.77164 29.5494
    vertex -2.12132 -2.12132 28.6391
    vertex -2.12132 -2.12132 30.1523
  endloop
endfacet
facet normal 0.557975 0.829839 0.00564018
  outer loop
    vertex -2.12132 -2.12132 30.1523
    vertex -1.18423 -2.75637 30.8828
    vertex -1.14805 -2.77164 29.5494
  endloop
endfacet
facet normal 0.980783 0.195101 0
  outer loop
    vertex -2.77161 -1.14811 6.62006
    vertex -3 0 5.55556
    vertex -3 0 6.94444
  endloop
endfacet
facet normal 0.980775 0.195144 4.86708e-05
  outer loop
    vertex -2.77149 -1.14841 5.30233
    vertex -3 0 5.55556
    vertex -2.77161 -1.14811 6.62006
  endloop
endfacet
facet normal 0.195101 0.980783 -0
  outer loop
    vertex 0 -3 5.55556
    vertex -1.14811 -2.77161 6.62006
    vertex 0 -3 6.94444
  endloop
endfacet
facet normal 0.195144 0.980775 4.86708e-05
  outer loop
    vertex 0 -3 5.55556
    vertex -1.14841 -2.77149 5.30233
    vertex -1.14811 -2.77161 6.62006
  endloop
endfacet
facet normal 0.831424 0.555539 0.0105289
  outer loop
    vertex -2.15659 -2.08546 0.892604
    vertex -2.12132 -2.12132 0
    vertex -2.77164 -1.14805 0
  endloop
endfacet
facet normal 0.844921 0.534483 -0.0208854
  outer loop
    vertex -2.82883 -0.998848 1.50442
    vertex -2.15659 -2.08546 0.892604
    vertex -2.77164 -1.14805 0
  endloop
endfacet
facet normal 0.859331 0.510372 0.0327231
  outer loop
    vertex -2.32409 -1.897 49.1518
    vertex -2.19629 -2.0436 48.0822
    vertex -2.79733 -1.08394 48.8985
  endloop
endfacet
facet normal 0.63498 0.771948 -0.0299363
  outer loop
    vertex -2.19629 -2.0436 48.0822
    vertex -2.32409 -1.897 49.1518
    vertex -1.43963 -2.63201 48.959
  endloop
endfacet
facet normal 0.974928 0.222521 0
  outer loop
    vertex -2.70291 -1.30165 9.53538
    vertex -3 0 8.33333
    vertex -3 0 9.72222
  endloop
endfacet
facet normal 0.97831 0.206328 -0.0183703
  outer loop
    vertex -2.76078 -1.17392 7.88796
    vertex -3 0 8.33333
    vertex -2.70291 -1.30165 9.53538
  endloop
endfacet
facet normal 0.222521 0.974928 -0
  outer loop
    vertex 0 -3 8.33333
    vertex -1.30165 -2.70291 9.53538
    vertex 0 -3 9.72222
  endloop
endfacet
facet normal 0.206328 0.97831 -0.0183703
  outer loop
    vertex 0 -3 8.33333
    vertex -1.17392 -2.76078 7.88796
    vertex -1.30165 -2.70291 9.53538
  endloop
endfacet
facet normal 0.980785 0.19509 0
  outer loop
    vertex -2.77164 -1.14805 44.415
    vertex -3 0 43.0556
    vertex -3 0 44.4444
  endloop
endfacet
facet normal 0.98061 0.195968 0.000770302
  outer loop
    vertex -2.76913 -1.15409 42.7557
    vertex -3 0 43.0556
    vertex -2.77164 -1.14805 44.415
  endloop
endfacet
facet normal 0.19509 0.980785 -0
  outer loop
    vertex 0 -3 43.0556
    vertex -1.14805 -2.77164 44.415
    vertex 0 -3 44.4444
  endloop
endfacet
facet normal 0.195968 0.98061 0.000770302
  outer loop
    vertex 0 -3 43.0556
    vertex -1.15409 -2.76913 42.7557
    vertex -1.14805 -2.77164 44.415
  endloop
endfacet
facet normal 0.19509 0.980785 -0
  outer loop
    vertex 0 -3 25
    vertex -1.14805 -2.77164 26.363
    vertex 0 -3 26.3889
  endloop
endfacet
facet normal 0.19509 0.980785 0
  outer loop
    vertex 0 -3 25
    vertex -1.14805 -2.77164 24.6501
    vertex -1.14805 -2.77164 26.363
  endloop
endfacet
facet normal 0.980785 0.19509 0
  outer loop
    vertex -2.77164 -1.14805 26.363
    vertex -3 0 25
    vertex -3 0 26.3889
  endloop
endfacet
facet normal 0.980785 0.19509 -0
  outer loop
    vertex -2.77164 -1.14805 24.6501
    vertex -3 0 25
    vertex -2.77164 -1.14805 26.363
  endloop
endfacet
facet normal 0.980785 0.19509 0
  outer loop
    vertex -2.77164 -1.14805 15.2647
    vertex -3 0 13.8889
    vertex -3 0 15.2778
  endloop
endfacet
facet normal 0.980785 0.19509 -0
  outer loop
    vertex -2.77164 -1.14805 13.8884
    vertex -3 0 13.8889
    vertex -2.77164 -1.14805 15.2647
  endloop
endfacet
facet normal 0.19509 0.980785 -0
  outer loop
    vertex 0 -3 13.8889
    vertex -1.14805 -2.77164 15.2647
    vertex 0 -3 15.2778
  endloop
endfacet
facet normal 0.19509 0.980785 0
  outer loop
    vertex 0 -3 13.8889
    vertex -1.14805 -2.77164 13.8884
    vertex -1.14805 -2.77164 15.2647
  endloop
endfacet
facet normal 0.980785 0.19509 0
  outer loop
    vertex -3 0 13.8889
    vertex -2.77164 -1.14805 12.5071
    vertex -3 0 12.5
  endloop
endfacet
facet normal 0.980785 0.19509 0
  outer loop
    vertex -3 0 13.8889
    vertex -2.77164 -1.14805 13.8884
    vertex -2.77164 -1.14805 12.5071
  endloop
endfacet
facet normal 0.19509 0.980785 0
  outer loop
    vertex -1.14805 -2.77164 12.5071
    vertex 0 -3 13.8889
    vertex 0 -3 12.5
  endloop
endfacet
facet normal 0.19509 0.980785 0
  outer loop
    vertex -1.14805 -2.77164 13.8884
    vertex 0 -3 13.8889
    vertex -1.14805 -2.77164 12.5071
  endloop
endfacet
facet normal 0.980772 0.195155 0
  outer loop
    vertex -2.77149 -1.14841 5.30233
    vertex -3 0 4.16667
    vertex -3 0 5.55556
  endloop
endfacet
facet normal 0.98071 0.195469 0.000330828
  outer loop
    vertex -2.77073 -1.15024 4.13885
    vertex -3 0 4.16667
    vertex -2.77149 -1.14841 5.30233
  endloop
endfacet
facet normal 0.195155 0.980772 -0
  outer loop
    vertex 0 -3 4.16667
    vertex -1.14841 -2.77149 5.30233
    vertex 0 -3 5.55556
  endloop
endfacet
facet normal 0.195469 0.98071 0.000330828
  outer loop
    vertex 0 -3 4.16667
    vertex -1.15024 -2.77073 4.13885
    vertex -1.14841 -2.77149 5.30233
  endloop
endfacet
facet normal 0.83147 0.55557 2.05277e-14
  outer loop
    vertex -2.77164 -1.14805 44.415
    vertex -2.12132 -2.12132 45.7014
    vertex -2.12132 -2.12132 43.77
  endloop
endfacet
facet normal 0.831512 0.555507 -6.94035e-05
  outer loop
    vertex -2.77183 -1.1476 45.7948
    vertex -2.12132 -2.12132 45.7014
    vertex -2.77164 -1.14805 44.415
  endloop
endfacet
facet normal 0.55557 0.83147 -2.01729e-14
  outer loop
    vertex -2.12132 -2.12132 45.7014
    vertex -1.14805 -2.77164 44.415
    vertex -2.12132 -2.12132 43.77
  endloop
endfacet
facet normal 0.556962 0.830537 0.00152456
  outer loop
    vertex -2.12132 -2.12132 45.7014
    vertex -1.15803 -2.76749 45.7969
    vertex -1.14805 -2.77164 44.415
  endloop
endfacet
facet normal 0.83147 0.55557 -0
  outer loop
    vertex -2.12132 -2.12132 11.1878
    vertex -2.77164 -1.14805 12.5071
    vertex -2.12132 -2.12132 12.5584
  endloop
endfacet
facet normal 0.83147 0.55557 0
  outer loop
    vertex -2.12132 -2.12132 11.1878
    vertex -2.77164 -1.14805 11.1141
    vertex -2.77164 -1.14805 12.5071
  endloop
endfacet
facet normal 0.55557 0.83147 0
  outer loop
    vertex -1.14805 -2.77164 12.5071
    vertex -2.12132 -2.12132 11.1878
    vertex -2.12132 -2.12132 12.5584
  endloop
endfacet
facet normal 0.55557 0.83147 -0
  outer loop
    vertex -1.14805 -2.77164 11.1141
    vertex -2.12132 -2.12132 11.1878
    vertex -1.14805 -2.77164 12.5071
  endloop
endfacet
facet normal 0.55557 0.83147 0
  outer loop
    vertex -2.12132 -2.12132 27.5308
    vertex -1.14805 -2.77164 26.363
    vertex -2.12132 -2.12132 25.7041
  endloop
endfacet
facet normal 0.55557 0.83147 0
  outer loop
    vertex -2.12132 -2.12132 27.5308
    vertex -1.14805 -2.77164 27.7125
    vertex -1.14805 -2.77164 26.363
  endloop
endfacet
facet normal 0.83147 0.55557 0
  outer loop
    vertex -2.77164 -1.14805 26.363
    vertex -2.12132 -2.12132 27.5308
    vertex -2.12132 -2.12132 25.7041
  endloop
endfacet
facet normal 0.83147 0.55557 0
  outer loop
    vertex -2.77164 -1.14805 27.7125
    vertex -2.12132 -2.12132 27.5308
    vertex -2.77164 -1.14805 26.363
  endloop
endfacet
facet normal 0.83147 0.55557 -0
  outer loop
    vertex -2.12132 -2.12132 16.7067
    vertex -2.77164 -1.14805 18.1663
    vertex -2.12132 -2.12132 18.2621
  endloop
endfacet
facet normal 0.83147 0.55557 0
  outer loop
    vertex -2.12132 -2.12132 16.7067
    vertex -2.77164 -1.14805 16.7027
    vertex -2.77164 -1.14805 18.1663
  endloop
endfacet
facet normal 0.55557 0.83147 0
  outer loop
    vertex -1.14805 -2.77164 18.1663
    vertex -2.12132 -2.12132 16.7067
    vertex -2.12132 -2.12132 18.2621
  endloop
endfacet
facet normal 0.55557 0.83147 -0
  outer loop
    vertex -1.14805 -2.77164 16.7027
    vertex -2.12132 -2.12132 16.7067
    vertex -1.14805 -2.77164 18.1663
  endloop
endfacet
facet normal 0.980785 0.19509 0
  outer loop
    vertex -3 0 16.6667
    vertex -2.77164 -1.14805 15.2647
    vertex -3 0 15.2778
  endloop
endfacet
facet normal 0.980785 0.19509 0
  outer loop
    vertex -3 0 16.6667
    vertex -2.77164 -1.14805 16.7027
    vertex -2.77164 -1.14805 15.2647
  endloop
endfacet
facet normal 0.83147 0.55557 0
  outer loop
    vertex -2.77164 -1.14805 15.2647
    vertex -2.12132 -2.12132 16.7067
    vertex -2.12132 -2.12132 15.2217
  endloop
endfacet
facet normal 0.83147 0.55557 0
  outer loop
    vertex -2.77164 -1.14805 16.7027
    vertex -2.12132 -2.12132 16.7067
    vertex -2.77164 -1.14805 15.2647
  endloop
endfacet
facet normal 0.19509 0.980785 0
  outer loop
    vertex -1.14805 -2.77164 15.2647
    vertex 0 -3 16.6667
    vertex 0 -3 15.2778
  endloop
endfacet
facet normal 0.19509 0.980785 0
  outer loop
    vertex -1.14805 -2.77164 16.7027
    vertex 0 -3 16.6667
    vertex -1.14805 -2.77164 15.2647
  endloop
endfacet
facet normal 0.55557 0.83147 0
  outer loop
    vertex -2.12132 -2.12132 16.7067
    vertex -1.14805 -2.77164 15.2647
    vertex -2.12132 -2.12132 15.2217
  endloop
endfacet
facet normal 0.55557 0.83147 0
  outer loop
    vertex -2.12132 -2.12132 16.7067
    vertex -1.14805 -2.77164 16.7027
    vertex -1.14805 -2.77164 15.2647
  endloop
endfacet
facet normal 0.815447 0.578819 -0.00384759
  outer loop
    vertex -2.69105 -1.326 2.93372
    vertex -2.12132 -2.12132 4.03393
    vertex -2.15202 -2.09017 2.21361
  endloop
endfacet
facet normal 0.829635 0.557678 -0.0264771
  outer loop
    vertex -2.77073 -1.15024 4.13885
    vertex -2.12132 -2.12132 4.03393
    vertex -2.69105 -1.326 2.93372
  endloop
endfacet
facet normal 0.590788 0.806817 0.00384342
  outer loop
    vertex -2.12132 -2.12132 4.03393
    vertex -1.35807 -2.67501 2.94154
    vertex -2.15202 -2.09017 2.21361
  endloop
endfacet
facet normal 0.557917 0.829335 -0.0305373
  outer loop
    vertex -2.12132 -2.12132 4.03393
    vertex -1.15024 -2.77073 4.13885
    vertex -1.35807 -2.67501 2.94154
  endloop
endfacet
facet normal 0.827816 0.561 0
  outer loop
    vertex -2.12132 -2.12132 31.3892
    vertex -2.12132 -2.12132 30.1523
    vertex -2.75637 -1.18423 30.8828
  endloop
endfacet
facet normal 0.561 0.827816 -0
  outer loop
    vertex -2.12132 -2.12132 30.1523
    vertex -2.12132 -2.12132 31.3892
    vertex -1.18423 -2.75637 30.8828
  endloop
endfacet
facet normal 0.561 0.827816 -1.25519e-15
  outer loop
    vertex -2.12132 -2.12132 40.8708
    vertex -2.12132 -2.12132 42.2117
    vertex -1.18423 -2.75637 41.4154
  endloop
endfacet
facet normal 0.827816 0.561 3.35319e-16
  outer loop
    vertex -2.12132 -2.12132 42.2117
    vertex -2.12132 -2.12132 40.8708
    vertex -2.75637 -1.18423 41.4154
  endloop
endfacet
facet normal 0.977535 0.194444 0.0813402
  outer loop
    vertex -2.93799 -0.606802 0.705346
    vertex -2.77164 -1.14805 0
    vertex -3 0 0
  endloop
endfacet
facet normal 0.985186 0.162479 -0.0548643
  outer loop
    vertex -2.93799 -0.606802 0.705346
    vertex -3 0 1.38889
    vertex -2.82883 -0.998848 1.50442
  endloop
endfacet
facet normal 0.994819 0.10166 0
  outer loop
    vertex -3 0 1.38889
    vertex -2.93799 -0.606802 0.705346
    vertex -3 0 0
  endloop
endfacet
facet normal 0.958824 0.283879 0.00829893
  outer loop
    vertex -2.77164 -1.14805 0
    vertex -2.93799 -0.606802 0.705346
    vertex -2.82883 -0.998848 1.50442
  endloop
endfacet
facet normal 0.587785 0.809017 0
  outer loop
    vertex -1.36197 -2.67302 31.9378
    vertex -2.12132 -2.12132 31.3892
    vertex -2.12132 -2.12132 32.5417
  endloop
endfacet
facet normal 0.5724 0.819361 0.0316977
  outer loop
    vertex -1.36197 -2.67302 31.9378
    vertex -1.18423 -2.75637 30.8828
    vertex -2.12132 -2.12132 31.3892
  endloop
endfacet
facet normal 0.809017 0.587785 -0
  outer loop
    vertex -2.12132 -2.12132 31.3892
    vertex -2.67302 -1.36197 31.9378
