solid Created by Gmsh
facet normal -0.173269 -0.984875 -0
  outer loop
    vertex 0 -5 2
    vertex -1.70648 -4.69978 0.342913
    vertex 0 -5 1.62448e-12
  endloop
endfacet
facet normal -0.173004 -0.984921 0
  outer loop
    vertex -1.70395 -4.7007 49.6435
    vertex 0 -5 48
    vertex 0 -5 50
  endloop
endfacet
facet normal -0.195109 -0.980495 -0.0237238
  outer loop
    vertex -1.97587 -4.59303 47.4301
    vertex 0 -5 48
    vertex -1.70395 -4.7007 49.6435
  endloop
endfacet
facet normal -0.533426 -0.845494 0.0244046
  outer loop
    vertex -3.4218 -3.64572 48.6449
    vertex -1.97587 -4.59303 47.4301
    vertex -1.70395 -4.7007 49.6435
  endloop
endfacet
facet normal -0.810865 -0.58308 -0.0501564
  outer loop
    vertex -4.64037 -1.86199 47.6089
    vertex -3.4218 -3.64572 48.6449
    vertex -4.31251 -2.53027 50.0774
  endloop
endfacet
facet normal -0.197211 -0.980028 0.0255341
  outer loop
    vertex 0 -5 2
    vertex -1.99303 -4.58561 2.51168
    vertex -1.70648 -4.69978 0.342913
  endloop
endfacet
facet normal -0.534221 -0.844942 -0.0261053
  outer loop
    vertex -1.99303 -4.58561 2.51168
    vertex -3.4218 -3.64572 1.32907
    vertex -1.70648 -4.69978 0.342913
  endloop
endfacet
facet normal -0.809538 -0.58508 0.0482681
  outer loop
    vertex -3.4218 -3.64572 1.32907
    vertex -4.62104 -1.90945 2.26192
    vertex -4.30754 -2.53873 -0.107844
  endloop
endfacet
facet normal -0.587785 -0.809017 -6.31869e-14
  outer loop
    vertex -3.53553 -3.53553 3.33434
    vertex -2.26995 -4.45503 4.1971
    vertex -3.53553 -3.53553 5.34895
  endloop
endfacet
facet normal -0.809017 -0.587785 6.37626e-14
  outer loop
    vertex -4.45503 -2.26995 4.1971
    vertex -3.53553 -3.53553 3.33434
    vertex -3.53553 -3.53553 5.34895
  endloop
endfacet
facet normal -0.985871 -0.167506 0
  outer loop
    vertex -4.71942 -1.6514 37.9732
    vertex -5 0 38
    vertex -5 0 36
  endloop
endfacet
facet normal -0.840707 -0.540923 0.0247944
  outer loop
    vertex -4.6194 -1.91342 35.6482
    vertex -3.53553 -3.53553 37.0103
    vertex -4.71942 -1.6514 37.9732
  endloop
endfacet
facet normal -0.981296 -0.191396 -0.0206444
  outer loop
    vertex -5 0 36
    vertex -4.6194 -1.91342 35.6482
    vertex -4.71942 -1.6514 37.9732
  endloop
endfacet
facet normal -0.167506 -0.985871 -0
  outer loop
    vertex 0 -5 38
    vertex -1.6514 -4.71942 37.9732
    vertex 0 -5 36
  endloop
endfacet
facet normal -0.540923 -0.840707 0.0247944
  outer loop
    vertex -3.53553 -3.53553 37.0103
    vertex -1.91342 -4.6194 35.6482
    vertex -1.6514 -4.71942 37.9732
  endloop
endfacet
facet normal -0.191396 -0.981296 -0.0206444
  outer loop
    vertex -1.91342 -4.6194 35.6482
    vertex 0 -5 36
    vertex -1.6514 -4.71942 37.9732
  endloop
endfacet
facet normal -0.839209 -0.542928 -0.0309348
  outer loop
    vertex -4.72888 -1.62411 19.9111
    vertex -3.53553 -3.53553 21.0846
    vertex -4.57701 -2.01272 22.6114
  endloop
endfacet
facet normal -0.542928 -0.839209 -0.0309348
  outer loop
    vertex -3.53553 -3.53553 21.0846
    vertex -1.62411 -4.72888 19.9111
    vertex -2.01272 -4.57701 22.6114
  endloop
endfacet
facet normal -0.841944 -0.539115 -0.0220259
  outer loop
    vertex -4.72337 -1.64007 8.04382
    vertex -3.53553 -3.53553 9.03297
    vertex -4.63373 -1.87844 10.452
  endloop
endfacet
facet normal -0.539115 -0.841944 -0.0220259
  outer loop
    vertex -3.53553 -3.53553 9.03297
    vertex -1.64007 -4.72337 8.04382
    vertex -1.87844 -4.63373 10.452
  endloop
endfacet
facet normal -0.978622 -0.205668 0
  outer loop
    vertex -5 0 22
    vertex -4.57701 -2.01272 22.6114
    vertex -5 0 24
  endloop
endfacet
facet normal -0.205668 -0.978622 0
  outer loop
    vertex -2.01272 -4.57701 22.6114
    vertex 0 -5 22
    vertex 0 -5 24
  endloop
endfacet
facet normal -0.985871 -0.167506 0
  outer loop
    vertex -5 0 38
    vertex -4.71942 -1.6514 37.9732
    vertex -5 0 40
  endloop
endfacet
facet normal -0.841562 -0.539618 -0.0242008
  outer loop
    vertex -3.53553 -3.53553 38.8164
    vertex -4.6194 -1.91342 40.3376
    vertex -4.71942 -1.6514 37.9732
  endloop
endfacet
facet normal -0.981262 -0.191608 0.0202758
  outer loop
    vertex -4.6194 -1.91342 40.3376
    vertex -5 0 40
    vertex -4.71942 -1.6514 37.9732
  endloop
endfacet
facet normal -0.167506 -0.985871 0
  outer loop
    vertex -1.6514 -4.71942 37.9732
    vertex 0 -5 38
    vertex 0 -5 40
  endloop
endfacet
facet normal -0.539618 -0.841562 -0.0242008
  outer loop
    vertex -1.91342 -4.6194 40.3376
    vertex -3.53553 -3.53553 38.8164
    vertex -1.6514 -4.71942 37.9732
  endloop
endfacet
facet normal -0.191608 -0.981262 0.0202758
  outer loop
    vertex 0 -5 40
    vertex -1.91342 -4.6194 40.3376
    vertex -1.6514 -4.71942 37.9732
  endloop
endfacet
facet normal -0.980785 -0.19509 0
  outer loop
    vertex -5 0 40
    vertex -4.6194 -1.91342 40.3376
    vertex -5 0 42
  endloop
endfacet
facet normal -0.83147 -0.55557 -5.32932e-16
  outer loop
    vertex -3.53553 -3.53553 41.5784
    vertex -4.6194 -1.91342 40.3376
    vertex -3.53553 -3.53553 38.8164
  endloop
endfacet
facet normal -0.83147 -0.55557 0
  outer loop
    vertex -3.53553 -3.53553 41.5784
    vertex -4.6194 -1.91342 41.714
    vertex -4.6194 -1.91342 40.3376
  endloop
endfacet
facet normal -0.980785 -0.19509 -0
  outer loop
    vertex -4.6194 -1.91342 41.714
    vertex -5 0 42
    vertex -4.6194 -1.91342 40.3376
  endloop
endfacet
facet normal -0.19509 -0.980785 0
  outer loop
    vertex -1.91342 -4.6194 40.3376
    vertex 0 -5 40
    vertex 0 -5 42
  endloop
endfacet
facet normal -0.55557 -0.83147 2.88455e-16
  outer loop
    vertex -1.91342 -4.6194 40.3376
    vertex -3.53553 -3.53553 41.5784
    vertex -3.53553 -3.53553 38.8164
  endloop
endfacet
facet normal -0.55557 -0.83147 8.84051e-17
  outer loop
    vertex -1.91342 -4.6194 41.714
    vertex -3.53553 -3.53553 41.5784
    vertex -1.91342 -4.6194 40.3376
  endloop
endfacet
facet normal -0.19509 -0.980785 4.96124e-16
  outer loop
    vertex 0 -5 42
    vertex -1.91342 -4.6194 41.714
    vertex -1.91342 -4.6194 40.3376
  endloop
endfacet
facet normal -0.980785 -0.19509 0
  outer loop
    vertex -4.6194 -1.91342 35.6482
    vertex -5 0 36
    vertex -5 0 34
  endloop
endfacet
facet normal -0.83147 -0.55557 0
  outer loop
    vertex -4.6194 -1.91342 35.6482
    vertex -3.53553 -3.53553 35.203
    vertex -3.53553 -3.53553 37.0103
  endloop
endfacet
facet normal -0.83147 -0.55557 0
  outer loop
    vertex -4.6194 -1.91342 33.7593
    vertex -3.53553 -3.53553 35.203
    vertex -4.6194 -1.91342 35.6482
  endloop
endfacet
facet normal -0.980785 -0.19509 0
  outer loop
    vertex -5 0 34
    vertex -4.6194 -1.91342 33.7593
    vertex -4.6194 -1.91342 35.6482
  endloop
endfacet
facet normal -0.19509 -0.980785 -0
  outer loop
    vertex 0 -5 36
    vertex -1.91342 -4.6194 35.6482
    vertex 0 -5 34
  endloop
endfacet
facet normal -0.55557 -0.83147 0
  outer loop
    vertex -3.53553 -3.53553 35.203
    vertex -1.91342 -4.6194 35.6482
    vertex -3.53553 -3.53553 37.0103
  endloop
endfacet
facet normal -0.55557 -0.83147 0
  outer loop
    vertex -3.53553 -3.53553 35.203
    vertex -1.91342 -4.6194 33.7593
    vertex -1.91342 -4.6194 35.6482
  endloop
endfacet
facet normal -0.19509 -0.980785 0
  outer loop
    vertex -1.91342 -4.6194 33.7593
    vertex 0 -5 34
    vertex -1.91342 -4.6194 35.6482
  endloop
endfacet
facet normal -0.986071 -0.166323 0
  outer loop
    vertex -4.72337 -1.64007 8.04382
    vertex -5 0 8
    vertex -5 0 6
  endloop
endfacet
facet normal -0.847362 -0.531016 -1.08114e-15
  outer loop
    vertex -4.72337 -1.64007 8.04382
    vertex -3.53553 -3.53553 7.19668
    vertex -3.53553 -3.53553 9.03297
  endloop
endfacet
facet normal -0.840272 -0.541179 0.0326809
  outer loop
    vertex -4.59396 -1.97372 5.84601
    vertex -3.53553 -3.53553 7.19668
    vertex -4.72337 -1.64007 8.04382
  endloop
endfacet
facet normal -0.979539 -0.199378 -0.0274085
  outer loop
    vertex -5 0 6
    vertex -4.59396 -1.97372 5.84601
    vertex -4.72337 -1.64007 8.04382
  endloop
endfacet
facet normal -0.166323 -0.986071 -0
  outer loop
    vertex 0 -5 8
    vertex -1.64007 -4.72337 8.04382
    vertex 0 -5 6
  endloop
endfacet
facet normal -0.531016 -0.847362 7.13137e-16
  outer loop
    vertex -3.53553 -3.53553 7.19668
    vertex -1.64007 -4.72337 8.04382
    vertex -3.53553 -3.53553 9.03297
  endloop
endfacet
facet normal -0.541179 -0.840272 0.0326809
  outer loop
    vertex -3.53553 -3.53553 7.19668
    vertex -1.97372 -4.59396 5.84601
    vertex -1.64007 -4.72337 8.04382
  endloop
endfacet
facet normal -0.199378 -0.979539 -0.0274085
  outer loop
    vertex -1.97372 -4.59396 5.84601
    vertex 0 -5 6
    vertex -1.64007 -4.72337 8.04382
  endloop
endfacet
facet normal -0.164658 -0.986351 -0
  outer loop
    vertex 0 -5 20
    vertex -1.62411 -4.72888 19.9111
    vertex 0 -5 18
  endloop
endfacet
facet normal -0.529585 -0.848257 0
  outer loop
    vertex -3.53553 -3.53553 18.8065
    vertex -1.62411 -4.72888 19.9111
    vertex -3.53553 -3.53553 21.0846
  endloop
endfacet
facet normal -0.542146 -0.839713 0.0309669
  outer loop
    vertex -3.53553 -3.53553 18.8065
    vertex -2.00663 -4.57967 17.2599
    vertex -1.62411 -4.72888 19.9111
  endloop
endfacet
facet normal -0.195403 -0.980352 -0.0269783
  outer loop
    vertex -2.00663 -4.57967 17.2599
    vertex 0 -5 18
    vertex -1.62411 -4.72888 19.9111
  endloop
endfacet
facet normal -0.986351 -0.164658 0
  outer loop
    vertex -4.72888 -1.62411 19.9111
    vertex -5 0 20
    vertex -5 0 18
  endloop
endfacet
facet normal -0.848257 -0.529585 0
  outer loop
    vertex -4.72888 -1.62411 19.9111
    vertex -3.53553 -3.53553 18.8065
    vertex -3.53553 -3.53553 21.0846
  endloop
endfacet
facet normal -0.839713 -0.542146 0.0309669
  outer loop
    vertex -4.57967 -2.00663 17.2599
    vertex -3.53553 -3.53553 18.8065
    vertex -4.72888 -1.62411 19.9111
  endloop
endfacet
facet normal -0.980352 -0.195403 -0.0269783
  outer loop
    vertex -5 0 18
    vertex -4.57967 -2.00663 17.2599
    vertex -4.72888 -1.62411 19.9111
  endloop
endfacet
facet normal -0.554972 -0.830574 0.0464003
  outer loop
    vertex -3.53553 -3.53553 52
    vertex -3.16442 -3.87124 50.4296
    vertex -1.91342 -4.6194 52
  endloop
endfacet
facet normal -0.499706 -0.866073 -0.0145388
  outer loop
    vertex -3.16442 -3.87124 50.4296
    vertex -1.70395 -4.7007 49.6435
    vertex -1.91342 -4.6194 52
  endloop
endfacet
facet normal -0.554964 -0.830562 -0.0467118
  outer loop
    vertex -3.16451 -3.87116 -0.440363
    vertex -3.53553 -3.53553 -2
    vertex -1.91342 -4.6194 -2
  endloop
endfacet
facet normal -0.499898 -0.865964 0.0144437
  outer loop
    vertex -1.70648 -4.69978 0.342913
    vertex -3.16451 -3.87116 -0.440363
    vertex -1.91342 -4.6194 -2
  endloop
endfacet
facet normal -0.980785 -0.19509 0
  outer loop
    vertex -4.6194 -1.91342 33.7593
    vertex -5 0 34
    vertex -5 0 32
  endloop
endfacet
facet normal -0.83147 -0.55557 0
  outer loop
    vertex -4.6194 -1.91342 33.7593
    vertex -3.53553 -3.53553 33.2618
    vertex -3.53553 -3.53553 35.203
  endloop
endfacet
facet normal -0.83147 -0.55557 0
  outer loop
    vertex -4.6194 -1.91342 31.7716
    vertex -3.53553 -3.53553 33.2618
    vertex -4.6194 -1.91342 33.7593
  endloop
endfacet
facet normal -0.980785 -0.19509 0
  outer loop
    vertex -5 0 32
    vertex -4.6194 -1.91342 31.7716
    vertex -4.6194 -1.91342 33.7593
  endloop
endfacet
facet normal -0.19509 -0.980785 -0
  outer loop
    vertex 0 -5 34
    vertex -1.91342 -4.6194 33.7593
    vertex 0 -5 32
  endloop
endfacet
facet normal -0.55557 -0.83147 0
  outer loop
    vertex -3.53553 -3.53553 33.2618
    vertex -1.91342 -4.6194 33.7593
    vertex -3.53553 -3.53553 35.203
  endloop
endfacet
facet normal -0.55557 -0.83147 0
  outer loop
    vertex -3.53553 -3.53553 33.2618
    vertex -1.91342 -4.6194 31.7716
    vertex -1.91342 -4.6194 33.7593
  endloop
endfacet
facet normal -0.19509 -0.980785 0
  outer loop
    vertex -1.91342 -4.6194 31.7716
    vertex 0 -5 32
    vertex -1.91342 -4.6194 33.7593
  endloop
endfacet
facet normal -0.201505 -0.979487 -0
  outer loop
    vertex 0 -5 6
    vertex -1.97372 -4.59396 5.84601
    vertex 0 -5 4
  endloop
endfacet
facet normal -0.561 -0.827816 -1.98794e-14
  outer loop
    vertex -3.53553 -3.53553 5.34895
    vertex -1.97372 -4.59396 5.84601
    vertex -3.53553 -3.53553 7.19668
  endloop
endfacet
facet normal -0.567814 -0.822507 0.0327125
  outer loop
    vertex -3.53553 -3.53553 5.34895
    vertex -2.26995 -4.45503 4.1971
    vertex -1.97372 -4.59396 5.84601
  endloop
endfacet
facet normal -0.236491 -0.970838 -0.0393083
  outer loop
    vertex -2.26995 -4.45503 4.1971
    vertex 0 -5 4
    vertex -1.97372 -4.59396 5.84601
  endloop
endfacet
facet normal -0.979487 -0.201505 0
  outer loop
    vertex -4.59396 -1.97372 5.84601
    vertex -5 0 6
    vertex -5 0 4
  endloop
endfacet
facet normal -0.827816 -0.561 1.99365e-14
  outer loop
    vertex -4.59396 -1.97372 5.84601
    vertex -3.53553 -3.53553 5.34895
    vertex -3.53553 -3.53553 7.19668
  endloop
endfacet
facet normal -0.822507 -0.567814 0.0327125
  outer loop
    vertex -4.45503 -2.26995 4.1971
    vertex -3.53553 -3.53553 5.34895
    vertex -4.59396 -1.97372 5.84601
  endloop
endfacet
facet normal -0.970838 -0.236491 -0.0393083
  outer loop
    vertex -5 0 4
    vertex -4.45503 -2.26995 4.1971
    vertex -4.59396 -1.97372 5.84601
  endloop
endfacet
facet normal -0.978758 -0.205018 0
  outer loop
    vertex -4.57967 -2.00663 17.2599
    vertex -5 0 18
    vertex -5 0 16
  endloop
endfacet
facet normal -0.205018 -0.978758 -0
  outer loop
    vertex 0 -5 18
    vertex -2.00663 -4.57967 17.2599
    vertex 0 -5 16
  endloop
endfacet
facet normal -0.980785 -0.19509 0
  outer loop
    vertex -4.6194 -1.91342 31.7716
    vertex -5 0 32
    vertex -5 0 30
  endloop
endfacet
facet normal -0.83147 -0.55557 0
  outer loop
    vertex -4.6194 -1.91342 31.7716
    vertex -3.53553 -3.53553 31.0058
    vertex -3.53553 -3.53553 33.2618
  endloop
endfacet
facet normal -0.828318 -0.560083 0.0140215
  outer loop
    vertex -4.55263 -2.06726 29.5707
    vertex -3.53553 -3.53553 31.0058
    vertex -4.6194 -1.91342 31.7716
  endloop
endfacet
facet normal -0.977908 -0.208492 -0.015093
  outer loop
    vertex -5 0 30
    vertex -4.55263 -2.06726 29.5707
    vertex -4.6194 -1.91342 31.7716
  endloop
endfacet
facet normal -0.19509 -0.980785 -0
  outer loop
    vertex 0 -5 32
    vertex -1.91342 -4.6194 31.7716
    vertex 0 -5 30
  endloop
endfacet
facet normal -0.55557 -0.83147 0
  outer loop
    vertex -3.53553 -3.53553 31.0058
    vertex -1.91342 -4.6194 31.7716
    vertex -3.53553 -3.53553 33.2618
  endloop
endfacet
facet normal -0.560083 -0.828318 0.0140215
  outer loop
    vertex -3.53553 -3.53553 31.0058
    vertex -2.06726 -4.55263 29.5707
    vertex -1.91342 -4.6194 31.7716
  endloop
endfacet
facet normal -0.208492 -0.977908 -0.015093
  outer loop
    vertex -2.06726 -4.55263 29.5707
    vertex 0 -5 30
    vertex -1.91342 -4.6194 31.7716
  endloop
endfacet
facet normal -0.977376 -0.211511 0
  outer loop
    vertex -4.55263 -2.06726 29.5707
    vertex -5 0 30
    vertex -5 0 28
  endloop
endfacet
facet normal -0.211511 -0.977376 -0
  outer loop
    vertex 0 -5 30
    vertex -2.06726 -4.55263 29.5707
    vertex 0 -5 28
  endloop
endfacet
facet normal -0.981516 -0.191381 0
  outer loop
    vertex -4.63373 -1.87844 10.452
    vertex -5 0 12
    vertex -5 0 10
  endloop
endfacet
facet normal -0.979824 -0.199592 0.010364
  outer loop
    vertex -4.59387 -1.97393 12.382
    vertex -5 0 12
    vertex -4.63373 -1.87844 10.452
  endloop
endfacet
facet normal -0.831211 -0.555861 -0.0103332
  outer loop
    vertex -3.53553 -3.53553 11.2533
    vertex -4.59387 -1.97393 12.382
    vertex -4.63373 -1.87844 10.452
  endloop
endfacet
facet normal -0.191381 -0.981516 -0
  outer loop
    vertex 0 -5 12
    vertex -1.87844 -4.63373 10.452
    vertex 0 -5 10
  endloop
endfacet
facet normal -0.199592 -0.979824 0.010364
  outer loop
    vertex 0 -5 12
    vertex -1.97393 -4.59387 12.382
    vertex -1.87844 -4.63373 10.452
  endloop
endfacet
facet normal -0.555861 -0.831211 -0.0103332
  outer loop
    vertex -1.97393 -4.59387 12.382
    vertex -3.53553 -3.53553 11.2533
    vertex -1.87844 -4.63373 10.452
  endloop
endfacet
facet normal -0.980564 -0.196198 0
  outer loop
    vertex -5 0 44
    vertex -4.61506 -1.92385 45.2407
    vertex -5 0 46
  endloop
endfacet
facet normal -0.980697 -0.19553 0.00107685
  outer loop
    vertex -5 0 44
    vertex -4.6194 -1.91342 43.1869
    vertex -4.61506 -1.92385 45.2407
  endloop
endfacet
facet normal -0.831156 -0.556038 -0.00107012
  outer loop
    vertex -4.6194 -1.91342 43.1869
    vertex -3.53553 -3.53553 44.2138
    vertex -4.61506 -1.92385 45.2407
  endloop
endfacet
facet normal -0.196198 -0.980564 0
  outer loop
    vertex -1.92385 -4.61506 45.2407
    vertex 0 -5 44
    vertex 0 -5 46
  endloop
endfacet
facet normal -0.19553 -0.980697 0.00107685
  outer loop
    vertex -1.91342 -4.6194 43.1869
    vertex 0 -5 44
    vertex -1.92385 -4.61506 45.2407
  endloop
endfacet
facet normal -0.556038 -0.831156 -0.00107012
  outer loop
    vertex -3.53553 -3.53553 44.2138
    vertex -1.91342 -4.6194 43.1869
    vertex -1.92385 -4.61506 45.2407
  endloop
endfacet
facet normal -0.979483 -0.201528 0
  outer loop
    vertex -4.59387 -1.97393 12.382
    vertex -5 0 14
    vertex -5 0 12
  endloop
endfacet
facet normal -0.976387 -0.215309 0.0175902
  outer loop
    vertex -4.53208 -2.11192 14.1223
    vertex -5 0 14
    vertex -4.59387 -1.97393 12.382
  endloop
endfacet
facet normal -0.201528 -0.979483 -0
  outer loop
    vertex 0 -5 14
    vertex -1.97393 -4.59387 12.382
    vertex 0 -5 12
  endloop
endfacet
facet normal -0.215309 -0.976387 0.0175902
  outer loop
    vertex 0 -5 14
    vertex -2.11192 -4.53208 14.1223
    vertex -1.97393 -4.59387 12.382
  endloop
endfacet
facet normal -0.980785 -0.19509 0
  outer loop
    vertex -5 0 42
    vertex -4.6194 -1.91342 43.1869
    vertex -5 0 44
  endloop
endfacet
facet normal -0.980785 -0.19509 -1.39094e-15
  outer loop
    vertex -5 0 42
    vertex -4.6194 -1.91342 41.714
    vertex -4.6194 -1.91342 43.1869
  endloop
endfacet
facet normal -0.83147 -0.55557 -2.14791e-14
  outer loop
    vertex -3.53553 -3.53553 44.2138
    vertex -4.6194 -1.91342 43.1869
    vertex -3.53553 -3.53553 41.5784
  endloop
endfacet
facet normal -0.83147 -0.55557 8.42101e-16
  outer loop
    vertex -4.6194 -1.91342 41.714
    vertex -3.53553 -3.53553 41.5784
    vertex -4.6194 -1.91342 43.1869
  endloop
endfacet
facet normal -0.19509 -0.980785 0
  outer loop
    vertex -1.91342 -4.6194 43.1869
    vertex 0 -5 42
    vertex 0 -5 44
  endloop
endfacet
facet normal -0.19509 -0.980785 8.33155e-16
  outer loop
    vertex -1.91342 -4.6194 41.714
    vertex 0 -5 42
    vertex -1.91342 -4.6194 43.1869
  endloop
endfacet
facet normal -0.55557 -0.83147 2.15073e-14
  outer loop
    vertex -1.91342 -4.6194 43.1869
    vertex -3.53553 -3.53553 44.2138
    vertex -3.53553 -3.53553 41.5784
  endloop
endfacet
facet normal -0.55557 -0.83147 -1.15912e-15
  outer loop
    vertex -3.53553 -3.53553 41.5784
    vertex -1.91342 -4.6194 41.714
    vertex -1.91342 -4.6194 43.1869
  endloop
endfacet
facet normal -0.980785 -0.19509 0
  outer loop
    vertex -4.6194 -1.91342 26.4673
    vertex -5 0 28
    vertex -5 0 26
  endloop
endfacet
facet normal -0.19509 -0.980785 -0
  outer loop
    vertex 0 -5 28
    vertex -1.91342 -4.6194 26.4673
    vertex 0 -5 26
  endloop
endfacet
facet normal -0.981854 -0.18964 0
  outer loop
    vertex -5 0 46
    vertex -4.64037 -1.86199 47.6089
    vertex -5 0 48
  endloop
endfacet
facet normal -0.980959 -0.194142 -0.00541
  outer loop
    vertex -5 0 46
    vertex -4.61506 -1.92385 45.2407
    vertex -4.64037 -1.86199 47.6089
  endloop
endfacet
facet normal -0.828911 -0.55925 0.0120938
  outer loop
    vertex -3.51682 -3.55415 46.3667
    vertex -3.4218 -3.64572 48.6449
    vertex -4.64037 -1.86199 47.6089
  endloop
endfacet
facet normal -0.831158 -0.556008 0.00564304
  outer loop
    vertex -4.64037 -1.86199 47.6089
    vertex -4.61506 -1.92385 45.2407
    vertex -3.51682 -3.55415 46.3667
  endloop
endfacet
facet normal -0.201734 -0.97944 0
  outer loop
    vertex -1.97587 -4.59303 47.4301
    vertex 0 -5 46
    vertex 0 -5 48
  endloop
endfacet
facet normal -0.198151 -0.980158 0.00515453
  outer loop
    vertex -1.92385 -4.61506 45.2407
    vertex 0 -5 46
    vertex -1.97587 -4.59303 47.4301
  endloop
endfacet
facet normal -0.554057 -0.832414 -0.0103504
  outer loop
    vertex -3.4218 -3.64572 48.6449
    vertex -3.51682 -3.55415 46.3667
    vertex -1.97587 -4.59303 47.4301
  endloop
endfacet
facet normal -0.556689 -0.830707 -0.00486757
  outer loop
    vertex -1.92385 -4.61506 45.2407
    vertex -1.97587 -4.59303 47.4301
    vertex -3.51682 -3.55415 46.3667
  endloop
endfacet
facet normal -0.203565 -0.979061 -0
  outer loop
    vertex 0 -5 4
    vertex -1.99303 -4.58561 2.51168
    vertex 0 -5 2
  endloop
endfacet
facet normal -0.2302 -0.97242 0.0375157
  outer loop
    vertex 0 -5 4
    vertex -2.26995 -4.45503 4.1971
    vertex -1.99303 -4.58561 2.51168
  endloop
endfacet
facet normal -0.557579 -0.830006 0.0139837
  outer loop
    vertex -3.53553 -3.53553 3.33434
    vertex -3.4218 -3.64572 1.32907
    vertex -1.99303 -4.58561 2.51168
  endloop
endfacet
facet normal -0.57366 -0.818513 -0.0308403
  outer loop
    vertex -1.99303 -4.58561 2.51168
    vertex -2.26995 -4.45503 4.1971
    vertex -3.53553 -3.53553 3.33434
  endloop
endfacet
facet normal -0.980869 -0.194669 0
  outer loop
    vertex -4.62104 -1.90945 2.26192
    vertex -5 0 4
    vertex -5 0 2
  endloop
endfacet
facet normal -0.972363 -0.22992 0.0405807
  outer loop
    vertex -4.45503 -2.26995 4.1971
    vertex -5 0 4
    vertex -4.62104 -1.90945 2.26192
  endloop
endfacet
facet normal -0.826702 -0.562414 -0.0159847
  outer loop
    vertex -3.4218 -3.64572 1.32907
    vertex -3.53553 -3.53553 3.33434
    vertex -4.62104 -1.90945 2.26192
  endloop
endfacet
facet normal -0.820021 -0.571196 -0.0360628
  outer loop
    vertex -4.45503 -2.26995 4.1971
    vertex -4.62104 -1.90945 2.26192
    vertex -3.53553 -3.53553 3.33434
  endloop
endfacet
facet normal -0.846724 -0.532032 -0
  outer loop
    vertex -3.53553 -3.53553 38.8164
    vertex -4.71942 -1.6514 37.9732
    vertex -3.53553 -3.53553 37.0103
  endloop
endfacet
facet normal -0.532032 -0.846724 0
  outer loop
    vertex -1.6514 -4.71942 37.9732
    vertex -3.53553 -3.53553 38.8164
    vertex -3.53553 -3.53553 37.0103
  endloop
endfacet
facet normal -0.561019 -0.827803 -4.97963e-17
  outer loop
    vertex -3.53553 -3.53553 13.3877
    vertex -3.53553 -3.53553 11.2533
    vertex -1.97393 -4.59387 12.382
  endloop
endfacet
facet normal -0.827803 -0.561019 3.38759e-16
  outer loop
    vertex -3.53553 -3.53553 11.2533
    vertex -3.53553 -3.53553 13.3877
    vertex -4.59387 -1.97393 12.382
  endloop
endfacet
facet normal -0.822035 -0.569436 0
  outer loop
    vertex -3.53553 -3.53553 28.4186
    vertex -3.53553 -3.53553 31.0058
    vertex -4.55263 -2.06726 29.5707
  endloop
endfacet
facet normal -0.569436 -0.822035 -0
  outer loop
    vertex -3.53553 -3.53553 31.0058
    vertex -3.53553 -3.53553 28.4186
    vertex -2.06726 -4.55263 29.5707
  endloop
endfacet
facet normal -0.549706 -0.833901 -0.0493162
  outer loop
    vertex -2.29979 -4.4397 27.7355
    vertex -3.53553 -3.53553 26.221
    vertex -1.91342 -4.6194 26.4673
  endloop
endfacet
facet normal -0.833901 -0.549706 -0.0493162
  outer loop
    vertex -3.53553 -3.53553 26.221
    vertex -4.4397 -2.29979 27.7355
    vertex -4.6194 -1.91342 26.4673
  endloop
endfacet
facet normal -0.557066 -0.830469 0
  outer loop
    vertex -1.93003 -4.61248 24.8215
    vertex -3.53553 -3.53553 26.221
    vertex -3.53553 -3.53553 23.6291
  endloop
endfacet
facet normal -0.555791 -0.831319 0.00211663
  outer loop
    vertex -3.53553 -3.53553 26.221
    vertex -1.93003 -4.61248 24.8215
    vertex -1.91342 -4.6194 26.4673
  endloop
endfacet
facet normal -0.830469 -0.557066 -0
  outer loop
    vertex -3.53553 -3.53553 26.221
    vertex -4.61248 -1.93003 24.8215
    vertex -3.53553 -3.53553 23.6291
  endloop
endfacet
facet normal -0.831319 -0.555791 0.00211663
  outer loop
    vertex -4.61248 -1.93003 24.8215
    vertex -3.53553 -3.53553 26.221
    vertex -4.6194 -1.91342 26.4673
  endloop
endfacet
facet normal -0.978394 -0.194615 0.069792
  outer loop
    vertex -4.86839 -1.13964 50.6671
    vertex -4.6194 -1.91342 52
    vertex -5 0 52
  endloop
endfacet
facet normal -0.993398 -0.114721 0
  outer loop
    vertex -5 0 50
    vertex -4.86839 -1.13964 50.6671
    vertex -5 0 52
  endloop
endfacet
facet normal -0.932898 -0.358545 -0.0338738
  outer loop
    vertex -4.6194 -1.91342 52
    vertex -4.86839 -1.13964 50.6671
    vertex -4.31251 -2.53027 50.0774
  endloop
endfacet
facet normal -0.978355 -0.194607 -0.0703558
  outer loop
    vertex -4.6194 -1.91342 -2
    vertex -4.86735 -1.14408 -0.680059
    vertex -5 0 -2
  endloop
endfacet
facet normal -0.993345 -0.115175 0
  outer loop
    vertex -4.86735 -1.14408 -0.680059
    vertex -5 0 1.62448e-12
    vertex -5 0 -2
  endloop
endfacet
facet normal -0.932309 -0.359996 0.0346918
  outer loop
    vertex -4.86735 -1.14408 -0.680059
    vertex -4.6194 -1.91342 -2
    vertex -4.30754 -2.53873 -0.107844
  endloop
endfacet
facet normal -0.822939 -0.567909 -0.0158163
  outer loop
    vertex -4.53208 -2.11192 14.1223
    vertex -4.59387 -1.97393 12.382
    vertex -3.53553 -3.53553 13.3877
  endloop
endfacet
facet normal -0.567909 -0.822939 -0.0158163
  outer loop
    vertex -1.97393 -4.59387 12.382
    vertex -2.11192 -4.53208 14.1223
    vertex -3.53553 -3.53553 13.3877
  endloop
endfacet
facet normal -0.825423 -0.564515 -0
  outer loop
    vertex -3.53553 -3.53553 23.6291
    vertex -4.57701 -2.01272 22.6114
    vertex -3.53553 -3.53553 21.0846
  endloop
endfacet
facet normal -0.564515 -0.825423 0
  outer loop
    vertex -2.01272 -4.57701 22.6114
    vertex -3.53553 -3.53553 23.6291
    vertex -3.53553 -3.53553 21.0846
  endloop
endfacet
facet normal -0.555469 -0.831534 -0.0023614
  outer loop
    vertex -1.92385 -4.61506 45.2407
    vertex -3.51682 -3.55415 46.3667
    vertex -3.53553 -3.53553 44.2138
  endloop
endfacet
facet normal -0.830133 -0.55756 0.00239461
  outer loop
    vertex -3.51682 -3.55415 46.3667
    vertex -4.61506 -1.92385 45.2407
    vertex -3.53553 -3.53553 44.2138
  endloop
endfacet
facet normal -0.762993 -0.645781 0.0284353
  outer loop
    vertex -3.4218 -3.64572 48.6449
    vertex -3.16442 -3.87124 50.4296
    vertex -4.31251 -2.53027 50.0774
  endloop
endfacet
facet normal -0.507922 -0.860671 -0.0355032
  outer loop
    vertex -3.16442 -3.87124 50.4296
    vertex -3.4218 -3.64572 48.6449
    vertex -1.70395 -4.7007 49.6435
  endloop
endfacet
facet normal -0.76218 -0.646741 -0.0284281
  outer loop
    vertex -3.16451 -3.87116 -0.440363
    vertex -3.4218 -3.64572 1.32907
    vertex -4.30754 -2.53873 -0.107844
  endloop
endfacet
facet normal -0.508221 -0.860485 0.0357323
  outer loop
    vertex -3.4218 -3.64572 1.32907
    vertex -3.16451 -3.87116 -0.440363
    vertex -1.70648 -4.69978 0.342913
  endloop
endfacet
facet normal -0.833564 -0.552423 4.52739e-16
  outer loop
    vertex -4.63373 -1.87844 10.452
    vertex -3.53553 -3.53553 9.03297
    vertex -3.53553 -3.53553 11.2533
  endloop
endfacet
facet normal -0.552423 -0.833564 -4.49841e-16
  outer loop
    vertex -3.53553 -3.53553 9.03297
    vertex -1.87844 -4.63373 10.452
    vertex -3.53553 -3.53553 11.2533
  endloop
endfacet
facet normal -0.993449 -0.114272 0
  outer loop
    vertex -4.86942 -1.13524 0.707548
    vertex -5 0 2
    vertex -5 0 1.62448e-12
  endloop
endfacet
facet normal -0.933623 -0.357108 -0.0286836
  outer loop
    vertex -4.86942 -1.13524 0.707548
    vertex -4.30754 -2.53873 -0.107844
    vertex -4.62104 -1.90945 2.26192
  endloop
endfacet
facet normal -0.980493 -0.185798 0.0641341
  outer loop
    vertex -5 0 2
    vertex -4.86942 -1.13524 0.707548
    vertex -4.62104 -1.90945 2.26192
  endloop
endfacet
facet normal -0.993597 -0.112978 0
  outer loop
    vertex -5 0 48
    vertex -4.87236 -1.12255 49.2582
    vertex -5 0 50
  endloop
endfacet
facet normal -0.934318 -0.355347 0.0278913
  outer loop
    vertex -4.31251 -2.53027 50.0774
    vertex -4.87236 -1.12255 49.2582
    vertex -4.64037 -1.86199 47.6089
  endloop
endfacet
facet normal -0.982386 -0.177426 -0.0586365
  outer loop
    vertex -4.87236 -1.12255 49.2582
    vertex -5 0 48
    vertex -4.64037 -1.86199 47.6089
  endloop
endfacet
facet normal -0.986673 -0.162717 0
  outer loop
    vertex -5 0 14
    vertex -4.73523 -1.60548 15.3617
    vertex -5 0 16
  endloop
endfacet
facet normal -0.973086 -0.219634 -0.0697464
  outer loop
    vertex -4.73523 -1.60548 15.3617
    vertex -5 0 14
    vertex -4.53208 -2.11192 14.1223
  endloop
endfacet
facet normal -0.162717 -0.986673 0
  outer loop
    vertex -1.60548 -4.73523 15.3617
    vertex 0 -5 14
    vertex 0 -5 16
  endloop
endfacet
facet normal -0.219634 -0.973086 -0.0697464
  outer loop
    vertex 0 -5 14
    vertex -1.60548 -4.73523 15.3617
    vertex -2.11192 -4.53208 14.1223
  endloop
endfacet
facet normal -0.819226 -0.573471 0
  outer loop
    vertex -4.53208 -2.11192 14.1223
    vertex -3.53553 -3.53553 13.3877
    vertex -3.53553 -3.53553 15.4265
  endloop
endfacet
facet normal -0.573471 -0.819226 0
  outer loop
    vertex -3.53553 -3.53553 13.3877
    vertex -2.11192 -4.53208 14.1223
    vertex -3.53553 -3.53553 15.4265
  endloop
endfacet
facet normal -0.971931 -0.233313 -0.0302443
  outer loop
    vertex -5 0 28
    vertex -4.4397 -2.29979 27.7355
    vertex -4.55263 -2.06726 29.5707
  endloop
endfacet
facet normal -0.967953 -0.243078 0.0630934
  outer loop
    vertex -4.4397 -2.29979 27.7355
    vertex -5 0 28
    vertex -4.6194 -1.91342 26.4673
  endloop
endfacet
facet normal -0.233313 -0.971931 -0.0302443
  outer loop
    vertex -2.29979 -4.4397 27.7355
    vertex 0 -5 28
    vertex -2.06726 -4.55263 29.5707
  endloop
endfacet
facet normal -0.243078 -0.967953 0.0630934
  outer loop
    vertex 0 -5 28
    vertex -2.29979 -4.4397 27.7355
    vertex -1.91342 -4.6194 26.4673
  endloop
endfacet
facet normal -0.200217 -0.979717 -0.00823584
  outer loop
    vertex 0 -5 24
    vertex -1.93003 -4.61248 24.8215
    vertex -2.01272 -4.57701 22.6114
  endloop
endfacet
facet normal -0.560987 -0.827789 0.00770061
  outer loop
    vertex -1.93003 -4.61248 24.8215
    vertex -3.53553 -3.53553 23.6291
    vertex -2.01272 -4.57701 22.6114
  endloop
endfacet
facet normal -0.979717 -0.200217 -0.00823584
  outer loop
    vertex -4.61248 -1.93003 24.8215
    vertex -5 0 24
    vertex -4.57701 -2.01272 22.6114
  endloop
endfacet
facet normal -0.827789 -0.560987 0.00770061
  outer loop
    vertex -3.53553 -3.53553 23.6291
    vertex -4.61248 -1.93003 24.8215
    vertex -4.57701 -2.01272 22.6114
  endloop
endfacet
facet normal -0.83057 -0.554969 -0.0465102
  outer loop
    vertex -3.53553 -3.53553 -2
    vertex -4.30754 -2.53873 -0.107844
    vertex -4.6194 -1.91342 -2
  endloop
endfacet
facet normal -0.753719 -0.65609 0.0381166
  outer loop
    vertex -4.30754 -2.53873 -0.107844
    vertex -3.53553 -3.53553 -2
    vertex -3.16451 -3.87116 -0.440363
  endloop
endfacet
facet normal -0.830609 -0.554995 0.045483
  outer loop
    vertex -4.31251 -2.53027 50.0774
    vertex -3.53553 -3.53553 52
    vertex -4.6194 -1.91342 52
  endloop
endfacet
facet normal -0.754112 -0.655642 -0.0380569
  outer loop
    vertex -3.53553 -3.53553 52
    vertex -4.31251 -2.53027 50.0774
    vertex -3.16442 -3.87124 50.4296
  endloop
endfacet
facet normal -0.196855 -0.980433 -0
  outer loop
    vertex 0 -5 26
    vertex -1.93003 -4.61248 24.8215
    vertex 0 -5 24
  endloop
endfacet
facet normal -0.195594 -0.980683 -0.00214685
  outer loop
    vertex -1.93003 -4.61248 24.8215
    vertex 0 -5 26
    vertex -1.91342 -4.6194 26.4673
  endloop
endfacet
facet normal -0.980433 -0.196855 0
  outer loop
    vertex -4.61248 -1.93003 24.8215
    vertex -5 0 26
    vertex -5 0 24
  endloop
endfacet
facet normal -0.980683 -0.195594 -0.00214685
  outer loop
    vertex -5 0 26
    vertex -4.61248 -1.93003 24.8215
    vertex -4.6194 -1.91342 26.4673
  endloop
endfacet
facet normal -0.164658 -0.986351 0
  outer loop
    vertex 0 -5 20
    vertex 0 -5 22
    vertex -1.62411 -4.72888 19.9111
  endloop
endfacet
facet normal -0.197839 -0.979872 0.0266386
  outer loop
    vertex 0 -5 22
    vertex -2.01272 -4.57701 22.6114
    vertex -1.62411 -4.72888 19.9111
  endloop
endfacet
facet normal -0.986351 -0.164658 -0
  outer loop
    vertex -5 0 22
    vertex -5 0 20
    vertex -4.72888 -1.62411 19.9111
  endloop
endfacet
facet normal -0.979872 -0.197839 0.0266386
  outer loop
    vertex -4.57701 -2.01272 22.6114
    vertex -5 0 22
    vertex -4.72888 -1.62411 19.9111
  endloop
endfacet
facet normal -0.590496 -0.807041 0
  outer loop
    vertex -3.53553 -3.53553 26.221
    vertex -2.29979 -4.4397 27.7355
    vertex -3.53553 -3.53553 28.4186
  endloop
endfacet
facet normal -0.807041 -0.590496 0
  outer loop
    vertex -4.4397 -2.29979 27.7355
    vertex -3.53553 -3.53553 26.221
    vertex -3.53553 -3.53553 28.4186
  endloop
endfacet
facet normal -0.813009 -0.581769 0.0236862
  outer loop
    vertex -4.4397 -2.29979 27.7355
    vertex -3.53553 -3.53553 28.4186
    vertex -4.55263 -2.06726 29.5707
  endloop
endfacet
facet normal -0.581769 -0.813009 0.0236862
  outer loop
    vertex -3.53553 -3.53553 28.4186
    vertex -2.29979 -4.4397 27.7355
    vertex -2.06726 -4.55263 29.5707
  endloop
endfacet
facet normal -0.986071 -0.166323 -0
  outer loop
    vertex -5 0 10
    vertex -5 0 8
    vertex -4.72337 -1.64007 8.04382
  endloop
endfacet
facet normal -0.982162 -0.187169 0.0180296
  outer loop
    vertex -4.63373 -1.87844 10.452
    vertex -5 0 10
    vertex -4.72337 -1.64007 8.04382
  endloop
endfacet
facet normal -0.166323 -0.986071 0
  outer loop
    vertex 0 -5 8
    vertex 0 -5 10
    vertex -1.64007 -4.72337 8.04382
  endloop
endfacet
facet normal -0.187169 -0.982162 0.0180296
  outer loop
    vertex 0 -5 10
    vertex -1.87844 -4.63373 10.452
    vertex -1.64007 -4.72337 8.04382
  endloop
endfacet
facet normal -0.825797 -0.563967 0
  outer loop
    vertex -3.53553 -3.53553 17.1882
    vertex -3.53553 -3.53553 18.8065
    vertex -4.57967 -2.00663 17.2599
  endloop
endfacet
facet normal -0.563967 -0.825797 -0
  outer loop
    vertex -3.53553 -3.53553 17.1882
    vertex -3.53553 -3.53553 15.4265
    vertex -2.00663 -4.57967 17.2599
  endloop
endfacet
facet normal -0.825797 -0.563967 0
  outer loop
    vertex -3.53553 -3.53553 15.4265
    vertex -3.53553 -3.53553 17.1882
    vertex -4.57967 -2.00663 17.2599
  endloop
endfacet
facet normal -0.563967 -0.825797 -0
  outer loop
    vertex -3.53553 -3.53553 18.8065
    vertex -3.53553 -3.53553 17.1882
    vertex -2.00663 -4.57967 17.2599
  endloop
endfacet
facet normal -0.982908 -0.179074 0.0427053
  outer loop
    vertex -5 0 16
    vertex -4.73523 -1.60548 15.3617
    vertex -4.57967 -2.00663 17.2599
  endloop
endfacet
facet normal -0.847906 -0.528465 -0.0421956
  outer loop
    vertex -4.73523 -1.60548 15.3617
    vertex -3.53553 -3.53553 15.4265
    vertex -4.57967 -2.00663 17.2599
  endloop
endfacet
facet normal -0.848014 -0.524589 0.0753536
  outer loop
    vertex -4.53208 -2.11192 14.1223
    vertex -3.53553 -3.53553 15.4265
    vertex -4.73523 -1.60548 15.3617
  endloop
endfacet
facet normal -0.179074 -0.982908 0.0427053
  outer loop
    vertex -1.60548 -4.73523 15.3617
    vertex 0 -5 16
    vertex -2.00663 -4.57967 17.2599
  endloop
endfacet
facet normal -0.528465 -0.847906 -0.0421956
  outer loop
    vertex -3.53553 -3.53553 15.4265
    vertex -1.60548 -4.73523 15.3617
    vertex -2.00663 -4.57967 17.2599
  endloop
endfacet
facet normal -0.524589 -0.848014 0.0753536
  outer loop
    vertex -3.53553 -3.53553 15.4265
    vertex -2.11192 -4.53208 14.1223
    vertex -1.60548 -4.73523 15.3617
  endloop
endfacet
facet normal -0.194341 -0.977016 0.0875846
  outer loop
    vertex -1.91342 -4.6194 52
    vertex -0.920294 -4.91458 50.9109
    vertex 0 -5 52
  endloop
endfacet
facet normal -0.158776 -0.984967 -0.0680455
  outer loop
    vertex 0 -5 50
    vertex -0.920294 -4.91458 50.9109
    vertex -1.70395 -4.7007 49.6435
  endloop
endfacet
facet normal -0.092425 -0.99572 0
  outer loop
    vertex -0.920294 -4.91458 50.9109
    vertex 0 -5 50
    vertex 0 -5 52
  endloop
endfacet
facet normal -0.276212 -0.961058 0.00860445
  outer loop
    vertex -0.920294 -4.91458 50.9109
    vertex -1.91342 -4.6194 52
    vertex -1.70395 -4.7007 49.6435
  endloop
endfacet
facet normal -0.194336 -0.976992 -0.0878628
  outer loop
    vertex -0.920954 -4.91445 -0.914272
    vertex -1.91342 -4.6194 -2
    vertex 0 -5 -2
  endloop
endfacet
facet normal -0.159492 -0.984819 0.0685093
  outer loop
    vertex -0.920954 -4.91445 -0.914272
    vertex 0 -5 1.62448e-12
    vertex -1.70648 -4.69978 0.342913
  endloop
endfacet
facet normal -0.0924919 -0.995713 -0
  outer loop
    vertex 0 -5 1.62448e-12
    vertex -0.920954 -4.91445 -0.914272
    vertex 0 -5 -2
  endloop
endfacet
facet normal -0.276339 -0.961022 -0.00856363
  outer loop
    vertex -1.91342 -4.6194 -2
    vertex -0.920954 -4.91445 -0.914272
    vertex -1.70648 -4.69978 0.342913
  endloop
endfacet
facet normal -0.993491 -0.113903 0.00141667
  outer loop
    vertex -4.87236 -1.12255 49.2582
    vertex -4.86839 -1.13964 50.6671
    vertex -5 0 50
  endloop
endfacet
facet normal -0.928835 -0.370489 -0.00187688
  outer loop
    vertex -4.31251 -2.53027 50.0774
    vertex -4.86839 -1.13964 50.6671
    vertex -4.87236 -1.12255 49.2582
  endloop
endfacet
facet normal -0.993396 -0.114734 -0.000751097
  outer loop
    vertex -4.86735 -1.14408 -0.680059
    vertex -4.86942 -1.13524 0.707548
    vertex -5 0 1.62448e-12
  endloop
endfacet
facet normal -0.928167 -0.372162 0.000987427
  outer loop
    vertex -4.86735 -1.14408 -0.680059
    vertex -4.30754 -2.53873 -0.107844
    vertex -4.86942 -1.13524 0.707548
  endloop
endfacet
facet normal -0.984875 0.173269 0
  outer loop
    vertex -5 0 2
    vertex -4.69978 1.70648 0.342913
    vertex -5 0 1.62448e-12
  endloop
endfacet
facet normal -0.984921 0.173004 0
  outer loop
    vertex -4.7007 1.70395 49.6435
    vertex -5 0 48
    vertex -5 0 50
  endloop
endfacet
facet normal -0.980495 0.195109 -0.0237238
  outer loop
    vertex -4.59303 1.97587 47.4301
    vertex -5 0 48
    vertex -4.7007 1.70395 49.6435
  endloop
endfacet
facet normal -0.845494 0.533426 0.0244046
  outer loop
    vertex -3.64572 3.4218 48.6449
    vertex -4.59303 1.97587 47.4301
    vertex -4.7007 1.70395 49.6435
  endloop
endfacet
facet normal -0.58308 0.810865 -0.0501564
  outer loop
    vertex -1.86199 4.64037 47.6089
    vertex -3.64572 3.4218 48.6449
    vertex -2.53027 4.31251 50.0774
  endloop
endfacet
facet normal -0.980028 0.197211 0.0255341
  outer loop
    vertex -5 0 2
    vertex -4.58561 1.99303 2.51168
    vertex -4.69978 1.70648 0.342913
  endloop
endfacet
facet normal -0.844942 0.534221 -0.0261053
  outer loop
    vertex -4.58561 1.99303 2.51168
    vertex -3.64572 3.4218 1.32907
    vertex -4.69978 1.70648 0.342913
  endloop
endfacet
facet normal -0.58508 0.809538 0.0482681
  outer loop
    vertex -3.64572 3.4218 1.32907
    vertex -1.90945 4.62104 2.26192
    vertex -2.53873 4.30754 -0.107844
  endloop
endfacet
facet normal -0.809017 0.587785 -6.31869e-14
  outer loop
    vertex -3.53553 3.53553 3.33434
    vertex -4.45503 2.26995 4.1971
    vertex -3.53553 3.53553 5.34895
  endloop
endfacet
facet normal -0.587785 0.809017 6.37626e-14
  outer loop
    vertex -2.26995 4.45503 4.1971
    vertex -3.53553 3.53553 3.33434
    vertex -3.53553 3.53553 5.34895
  endloop
endfacet
facet normal -0.985871 0.167506 0
  outer loop
