solid Created by Gmsh
facet normal 0.831368 0.555502 0.0156371
  outer loop
    vertex -9.52628 -5.5 -2
    vertex -9.32393 -5.83647 -0.805365
    vertex -8.72689 -6.69638 -2
  endloop
endfacet
facet normal 0.831368 0.555502 -0.0156357
  outer loop
    vertex -9.32393 -5.83647 50.8053
    vertex -9.52628 -5.5 52
    vertex -8.72689 -6.69638 52
  endloop
endfacet
facet normal 0.555502 0.831368 0.0156371
  outer loop
    vertex -5.83647 -9.32393 -0.805365
    vertex -5.5 -9.52628 -2
    vertex -6.69638 -8.72689 -2
  endloop
endfacet
facet normal 0.555502 0.831368 -0.0156357
  outer loop
    vertex -5.5 -9.52628 52
    vertex -5.83647 -9.32393 50.8053
    vertex -6.69638 -8.72689 52
  endloop
endfacet
facet normal 0.896836 0.442271 0.00903238
  outer loop
    vertex -10.1627 -4.20952 -2
    vertex -10.0895 -4.382 -0.819693
    vertex -9.52628 -5.5 -2
  endloop
endfacet
facet normal 0.884822 0.465551 -0.0187519
  outer loop
    vertex -9.52628 -5.5 -2
    vertex -10.0895 -4.382 -0.819693
    vertex -9.32393 -5.83647 -0.805365
  endloop
endfacet
facet normal 0.896836 0.442271 -0.00903154
  outer loop
    vertex -10.0895 -4.382 50.8196
    vertex -10.1627 -4.20952 52
    vertex -9.52628 -5.5 52
  endloop
endfacet
facet normal 0.884822 0.465551 0.0187502
  outer loop
    vertex -10.0895 -4.382 50.8196
    vertex -9.52628 -5.5 52
    vertex -9.32393 -5.83647 50.8053
  endloop
endfacet
facet normal 0.442271 0.896836 0.00903238
  outer loop
    vertex -4.382 -10.0895 -0.819693
    vertex -4.20952 -10.1627 -2
    vertex -5.5 -9.52628 -2
  endloop
endfacet
facet normal 0.465551 0.884822 -0.0187519
  outer loop
    vertex -4.382 -10.0895 -0.819693
    vertex -5.5 -9.52628 -2
    vertex -5.83647 -9.32393 -0.805365
  endloop
endfacet
facet normal 0.442271 0.896836 -0.00903154
  outer loop
    vertex -4.20952 -10.1627 52
    vertex -4.382 -10.0895 50.8196
    vertex -5.5 -9.52628 52
  endloop
endfacet
facet normal 0.465551 0.884822 0.0187502
  outer loop
    vertex -5.5 -9.52628 52
    vertex -4.382 -10.0895 50.8196
    vertex -5.83647 -9.32393 50.8053
  endloop
endfacet
facet normal 0.0654027 0.997853 0.00341915
  outer loop
    vertex -1.37784 -10.9134 -0.927626
    vertex 0 -11 -2
    vertex -1.43579 -10.9059 -2
  endloop
endfacet
facet normal 0.0627527 0.998029 0
  outer loop
    vertex 0 -11 -0.5
    vertex 0 -11 -2
    vertex -1.37784 -10.9134 -0.927626
  endloop
endfacet
facet normal 0.0654027 0.997853 -0.00341909
  outer loop
    vertex 0 -11 52
    vertex -1.37784 -10.9134 50.9276
    vertex -1.43579 -10.9059 52
  endloop
endfacet
facet normal 0.0627527 0.998029 0
  outer loop
    vertex 0 -11 52
    vertex 0 -11 50.5
    vertex -1.37784 -10.9134 50.9276
  endloop
endfacet
facet normal 0.997853 0.0654027 -0.00341909
  outer loop
    vertex -10.9134 -1.37784 50.9276
    vertex -11 0 52
    vertex -10.9059 -1.43579 52
  endloop
endfacet
facet normal 0.998029 0.0627527 -0
  outer loop
    vertex -11 0 50.5
    vertex -11 0 52
    vertex -10.9134 -1.37784 50.9276
  endloop
endfacet
facet normal 0.997853 0.0654027 0.00341915
  outer loop
    vertex -11 0 -2
    vertex -10.9134 -1.37784 -0.927626
    vertex -10.9059 -1.43579 -2
  endloop
endfacet
facet normal 0.998029 0.0627527 -0
  outer loop
    vertex -11 0 -2
    vertex -11 0 -0.5
    vertex -10.9134 -1.37784 -0.927626
  endloop
endfacet
facet normal 0.361455 0.932075 -0.0242255
  outer loop
    vertex -4.74077 -9.92598 39.0581
    vertex -3.1028 -10.5533 39.3603
    vertex -4.22805 -10.155 37.8974
  endloop
endfacet
facet normal 0.932075 0.361455 -0.0242255
  outer loop
    vertex -10.5533 -3.1028 39.3603
    vertex -9.92598 -4.74077 39.0581
    vertex -10.155 -4.22805 37.8974
  endloop
endfacet
facet normal 0.220472 0.975106 0.0236837
  outer loop
    vertex -1.56292 -10.8884 4.6736
    vertex -3.20092 -10.524 4.91772
    vertex -2.4875 -10.7151 6.1434
  endloop
endfacet
facet normal 0.975106 0.220472 0.0236837
  outer loop
    vertex -10.524 -3.20092 4.91772
    vertex -10.8884 -1.56292 4.6736
    vertex -10.7151 -2.4875 6.1434
  endloop
endfacet
facet normal 0.817441 0.57585 -0.0136708
  outer loop
    vertex -9.33563 -5.81773 46.7435
    vertex -8.5675 -6.89912 47.1224
    vertex -8.99567 -6.33071 45.4632
  endloop
endfacet
facet normal 0.575936 0.81738 -0.013688
  outer loop
    vertex -6.89884 -8.56773 47.1099
    vertex -5.81773 -9.33563 46.7435
    vertex -6.33257 -8.99436 45.46
  endloop
endfacet
facet normal 0.817143 0.576264 0.0140688
  outer loop
    vertex -8.56367 -6.90388 2.78442
    vertex -9.32288 -5.83815 3.2278
    vertex -8.8732 -6.50126 4.27086
  endloop
endfacet
facet normal 0.576252 0.817151 0.0140981
  outer loop
    vertex -5.83815 -9.32288 3.2278
    vertex -6.90175 -8.56538 2.79642
    vertex -6.49651 -8.87668 4.27533
  endloop
endfacet
facet normal 0.465839 0.884648 0.019809
  outer loop
    vertex -5.83647 -9.32393 -0.805365
    vertex -5.39618 -9.58547 0.520756
    vertex -4.382 -10.0895 -0.819693
  endloop
endfacet
facet normal 0.884648 0.465839 0.019809
  outer loop
    vertex -9.58547 -5.39618 0.520756
    vertex -9.32393 -5.83647 -0.805365
    vertex -10.0895 -4.382 -0.819693
  endloop
endfacet
facet normal 0.465839 0.884648 -0.0198074
  outer loop
    vertex -5.39481 -9.58624 49.4768
    vertex -5.83647 -9.32393 50.8053
    vertex -4.382 -10.0895 50.8196
  endloop
endfacet
facet normal 0.884648 0.465839 -0.0198074
  outer loop
    vertex -9.32393 -5.83647 50.8053
    vertex -9.58624 -5.39481 49.4768
    vertex -10.0895 -4.382 50.8196
  endloop
endfacet
facet normal 0.521404 0.853126 0.0176907
  outer loop
    vertex -5.81773 -9.33563 46.7435
    vertex -5.22449 -9.68012 45.8714
    vertex -6.33257 -8.99436 45.46
  endloop
endfacet
facet normal 0.522432 0.852566 0.0139905
  outer loop
    vertex -5.22449 -9.68012 45.8714
    vertex -4.96488 -9.8158 44.4455
    vertex -6.33257 -8.99436 45.46
  endloop
endfacet
facet normal 0.853156 0.521358 0.0176472
  outer loop
    vertex -9.68012 -5.22449 45.8714
    vertex -9.33563 -5.81773 46.7435
    vertex -8.99567 -6.33071 45.4632
  endloop
endfacet
facet normal 0.85261 0.52236 0.0140147
  outer loop
    vertex -9.81613 -4.96422 44.4454
    vertex -9.68012 -5.22449 45.8714
    vertex -8.99567 -6.33071 45.4632
  endloop
endfacet
facet normal 0.534835 0.844626 -0.0236345
  outer loop
    vertex -5.23455 -9.67468 4.3144
    vertex -5.83815 -9.32288 3.2278
    vertex -6.49651 -8.87668 4.27533
  endloop
endfacet
facet normal 0.84441 0.535167 -0.0238134
  outer loop
    vertex -9.32288 -5.83815 3.2278
    vertex -9.67396 -5.23589 4.31343
    vertex -8.8732 -6.50126 4.27086
  endloop
endfacet
facet normal 0.470457 0.88209 0.0242571
  outer loop
    vertex -4.48306 -10.045 3.20611
    vertex -5.83815 -9.32288 3.2278
    vertex -5.23455 -9.67468 4.3144
  endloop
endfacet
facet normal 0.882089 0.470457 0.0242702
  outer loop
    vertex -9.32288 -5.83815 3.2278
    vertex -10.045 -4.48306 3.20611
    vertex -9.67396 -5.23589 4.31343
  endloop
endfacet
facet normal 0.484978 0.874389 -0.0154901
  outer loop
    vertex -5.81773 -9.33563 46.7435
    vertex -4.81387 -9.89073 46.8385
    vertex -5.22449 -9.68012 45.8714
  endloop
endfacet
facet normal 0.874389 0.484978 -0.0154901
  outer loop
    vertex -9.89073 -4.81387 46.8385
    vertex -9.33563 -5.81773 46.7435
    vertex -9.68012 -5.22449 45.8714
  endloop
endfacet
facet normal 0.87543 0.483268 0.00864876
  outer loop
    vertex -9.76839 -5.05752 48.0693
    vertex -9.33563 -5.81773 46.7435
    vertex -9.89073 -4.81387 46.8385
  endloop
endfacet
facet normal 0.858667 0.512357 -0.0135019
  outer loop
    vertex -9.33563 -5.81773 46.7435
    vertex -9.76839 -5.05752 48.0693
    vertex -9.06308 -6.23382 48.287
  endloop
endfacet
facet normal 0.483268 0.87543 0.00864876
  outer loop
    vertex -5.81773 -9.33563 46.7435
    vertex -5.05752 -9.76839 48.0693
    vertex -4.81387 -9.89073 46.8385
  endloop
endfacet
facet normal 0.512357 0.858667 -0.0135019
  outer loop
    vertex -5.05752 -9.76839 48.0693
    vertex -5.81773 -9.33563 46.7435
    vertex -6.23382 -9.06308 48.287
  endloop
endfacet
facet normal 0.882471 0.469958 -0.0196269
  outer loop
    vertex -9.32288 -5.83815 3.2278
    vertex -9.7943 -5.00717 1.92906
    vertex -10.045 -4.48306 3.20611
  endloop
endfacet
facet normal 0.859886 0.510283 0.0143724
  outer loop
    vertex -9.7943 -5.00717 1.92906
    vertex -9.32288 -5.83815 3.2278
    vertex -9.05961 -6.23887 1.70412
  endloop
endfacet
facet normal 0.469958 0.882471 -0.0196269
  outer loop
    vertex -5.00717 -9.7943 1.92906
    vertex -5.83815 -9.32288 3.2278
    vertex -4.48306 -10.045 3.20611
  endloop
endfacet
facet normal 0.510283 0.859886 0.0143724
  outer loop
    vertex -5.83815 -9.32288 3.2278
    vertex -5.00717 -9.7943 1.92906
    vertex -6.23887 -9.05961 1.70412
  endloop
endfacet
facet normal 0.910161 0.414102 -0.0112329
  outer loop
    vertex -9.81613 -4.96422 44.4454
    vertex -10.31 -3.83465 46.0736
    vertex -9.68012 -5.22449 45.8714
  endloop
endfacet
facet normal 0.4141 0.910162 -0.0112128
  outer loop
    vertex -3.83465 -10.31 46.0736
    vertex -4.96488 -9.8158 44.4455
    vertex -5.22449 -9.68012 45.8714
  endloop
endfacet
facet normal 0.904302 0.426591 0.0160745
  outer loop
    vertex -10.2086 -4.09698 4.1638
    vertex -10.0142 -4.55139 5.29069
    vertex -9.67396 -5.23589 4.31343
  endloop
endfacet
facet normal 0.937292 0.347892 -0.0213497
  outer loop
    vertex -10.0142 -4.55139 5.29069
    vertex -10.2086 -4.09698 4.1638
    vertex -10.524 -3.20092 4.91772
  endloop
endfacet
facet normal 0.42654 0.904327 0.0160493
  outer loop
    vertex -4.55139 -10.0142 5.29069
    vertex -4.09698 -10.2086 4.1638
    vertex -5.23455 -9.67468 4.3144
  endloop
endfacet
facet normal 0.347892 0.937292 -0.0213497
  outer loop
    vertex -4.09698 -10.2086 4.1638
    vertex -4.55139 -10.0142 5.29069
    vertex -3.20092 -10.524 4.91772
  endloop
endfacet
facet normal 0.934913 0.354282 0.0205381
  outer loop
    vertex -10.1725 -4.18562 40.7054
    vertex -9.92598 -4.74077 39.0581
    vertex -10.5533 -3.1028 39.3603
  endloop
endfacet
facet normal 0.354282 0.934913 0.0205381
  outer loop
    vertex -4.74077 -9.92598 39.0581
    vertex -4.18562 -10.1725 40.7054
    vertex -3.1028 -10.5533 39.3603
  endloop
endfacet
facet normal 0.494731 0.869025 0.00612313
  outer loop
    vertex -4.82435 -9.88563 43.0012
    vertex -6.02593 -9.20262 43.149
    vertex -4.96488 -9.8158 44.4455
  endloop
endfacet
facet normal 0.869046 0.494693 0.00609361
  outer loop
    vertex -9.20318 -6.02506 43.1504
    vertex -9.88563 -4.82435 43.0012
    vertex -9.81613 -4.96422 44.4454
  endloop
endfacet
facet normal 0.477854 0.878283 0.0165642
  outer loop
    vertex -5.82605 -9.33044 5.80621
    vertex -4.83316 -9.88132 6.37217
    vertex -4.55139 -10.0142 5.29069
  endloop
endfacet
facet normal 0.878193 0.478017 0.016618
  outer loop
    vertex -9.88132 -4.83316 6.37217
    vertex -9.32794 -5.83005 5.80379
    vertex -10.0142 -4.55139 5.29069
  endloop
endfacet
facet normal 0.550892 0.834374 0.0183964
  outer loop
    vertex -5.39481 -9.58624 49.4768
    vertex -6.54822 -8.8386 50.1068
    vertex -5.83647 -9.32393 50.8053
  endloop
endfacet
facet normal 0.539826 0.84171 -0.0105673
  outer loop
    vertex -6.23382 -9.06308 48.287
    vertex -6.54822 -8.8386 50.1068
    vertex -5.39481 -9.58624 49.4768
  endloop
endfacet
facet normal 0.834374 0.550892 0.0183964
  outer loop
    vertex -8.8386 -6.54822 50.1068
    vertex -9.58624 -5.39481 49.4768
    vertex -9.32393 -5.83647 50.8053
  endloop
endfacet
facet normal 0.84171 0.539826 -0.0105673
  outer loop
    vertex -8.8386 -6.54822 50.1068
    vertex -9.06308 -6.23382 48.287
    vertex -9.58624 -5.39481 49.4768
  endloop
endfacet
facet normal 0.550982 0.834315 -0.0183864
  outer loop
    vertex -6.54904 -8.83799 -0.108621
    vertex -5.39618 -9.58547 0.520756
    vertex -5.83647 -9.32393 -0.805365
  endloop
endfacet
facet normal 0.539952 0.84163 0.0105051
  outer loop
    vertex -6.54904 -8.83799 -0.108621
    vertex -6.23887 -9.05961 1.70412
    vertex -5.39618 -9.58547 0.520756
  endloop
endfacet
facet normal 0.834315 0.550982 -0.0183864
  outer loop
    vertex -9.58547 -5.39618 0.520756
    vertex -8.83799 -6.54904 -0.108621
    vertex -9.32393 -5.83647 -0.805365
  endloop
endfacet
facet normal 0.84163 0.539952 0.0105051
  outer loop
    vertex -9.05961 -6.23887 1.70412
    vertex -8.83799 -6.54904 -0.108621
    vertex -9.58547 -5.39618 0.520756
  endloop
endfacet
facet normal 0.315825 0.948797 -0.00624193
  outer loop
    vertex -2.87282 -10.6182 48.7574
    vertex -4.10022 -10.2073 49.1236
    vertex -2.74304 -10.6525 50.1157
  endloop
endfacet
facet normal 0.948797 0.315825 -0.00624193
  outer loop
    vertex -10.2073 -4.10022 49.1236
    vertex -10.6182 -2.87282 48.7574
    vertex -10.6525 -2.74304 50.1157
  endloop
endfacet
facet normal 0.313867 0.949459 0.00383732
  outer loop
    vertex -4.09245 -10.2104 0.864661
    vertex -2.81869 -10.6327 1.18109
    vertex -2.74304 -10.6525 -0.115777
  endloop
endfacet
facet normal 0.949459 0.313867 0.00383732
  outer loop
    vertex -10.6327 -2.81869 1.18109
    vertex -10.2104 -4.09245 0.864661
    vertex -10.6525 -2.74304 -0.115777
  endloop
endfacet
facet normal 0.40967 0.911901 0.024654
  outer loop
    vertex -5.22449 -9.68012 45.8714
    vertex -4.81387 -9.89073 46.8385
    vertex -3.83465 -10.31 46.0736
  endloop
endfacet
facet normal 0.911901 0.40967 0.024654
  outer loop
    vertex -9.89073 -4.81387 46.8385
    vertex -9.68012 -5.22449 45.8714
    vertex -10.31 -3.83465 46.0736
  endloop
endfacet
facet normal 0.423081 0.905953 -0.01584
  outer loop
    vertex -4.48306 -10.045 3.20611
    vertex -5.23455 -9.67468 4.3144
    vertex -4.09698 -10.2086 4.1638
  endloop
endfacet
facet normal 0.905919 0.423153 -0.0158748
  outer loop
    vertex -9.67396 -5.23589 4.31343
    vertex -10.045 -4.48306 3.20611
    vertex -10.2086 -4.09698 4.1638
  endloop
endfacet
facet normal 0.387164 0.921747 0.0220628
  outer loop
    vertex -5.00717 -9.7943 1.92906
    vertex -4.48306 -10.045 3.20611
    vertex -3.55043 -10.4113 2.1417
  endloop
endfacet
facet normal 0.921747 0.387164 0.0220628
  outer loop
    vertex -10.045 -4.48306 3.20611
    vertex -9.7943 -5.00717 1.92906
    vertex -10.4113 -3.55043 2.1417
  endloop
endfacet
facet normal 0.404446 0.914498 -0.0108379
  outer loop
    vertex -4.81387 -9.89073 46.8385
    vertex -5.05752 -9.76839 48.0693
    vertex -3.88383 -10.2915 47.7255
  endloop
endfacet
facet normal 0.914498 0.404446 -0.0108379
  outer loop
    vertex -9.76839 -5.05752 48.0693
    vertex -9.89073 -4.81387 46.8385
    vertex -10.2915 -3.88383 47.7255
  endloop
endfacet
facet normal 0.0638507 0.997959 0
  outer loop
    vertex -1.40185 -10.9103 7.37745
    vertex 0 -11 8.5
    vertex 0 -11 7
  endloop
endfacet
facet normal 0.997959 0.0638507 0
  outer loop
    vertex -11 0 8.5
    vertex -10.9103 -1.40185 7.37745
    vertex -11 0 7
  endloop
endfacet
facet normal 0.0574166 0.99835 -0
  outer loop
    vertex 0 -11 46
    vertex -1.26108 -10.9275 47.0013
    vertex 0 -11 47.5
  endloop
endfacet
facet normal 0.0657437 0.997781 0.0105289
  outer loop
    vertex -1.26108 -10.9275 47.0013
    vertex 0 -11 46
    vertex -1.49214 -10.8983 45.6819
  endloop
endfacet
facet normal 0.168307 0.985715 -0.00624693
  outer loop
    vertex -2.35347 -10.7453 46.3174
    vertex -2.49586 -10.7131 47.5585
    vertex -1.26108 -10.9275 47.0013
  endloop
endfacet
facet normal 0.169297 0.985534 -0.00787656
  outer loop
    vertex -1.49214 -10.8983 45.6819
    vertex -2.35347 -10.7453 46.3174
    vertex -1.26108 -10.9275 47.0013
  endloop
endfacet
facet normal 0.060058 0.998195 0
  outer loop
    vertex -1.31889 -10.9206 2.96939
    vertex 0 -11 4
    vertex 0 -11 2.5
  endloop
endfacet
facet normal 0.0672539 0.997693 -0.00924734
  outer loop
    vertex 0 -11 4
    vertex -1.31889 -10.9206 2.96939
    vertex -1.56292 -10.8884 4.6736
  endloop
endfacet
facet normal 0.184348 0.982516 -0.0260531
  outer loop
    vertex -2.22027 -10.7736 2.13689
    vertex -2.89717 -10.6116 3.45584
    vertex -1.31889 -10.9206 2.96939
  endloop
endfacet
facet normal 0.194921 0.980774 0.0093537
  outer loop
    vertex -2.89717 -10.6116 3.45584
    vertex -1.56292 -10.8884 4.6736
    vertex -1.31889 -10.9206 2.96939
  endloop
endfacet
facet normal 0.99835 0.0574166 0
  outer loop
    vertex -10.9275 -1.26108 47.0013
    vertex -11 0 46
    vertex -11 0 47.5
  endloop
endfacet
facet normal 0.997781 0.0657437 0.0105289
  outer loop
    vertex -11 0 46
    vertex -10.9275 -1.26108 47.0013
    vertex -10.8983 -1.49214 45.6819
  endloop
endfacet
facet normal 0.985715 0.168307 -0.00624693
  outer loop
    vertex -10.7131 -2.49586 47.5585
    vertex -10.7453 -2.35347 46.3174
    vertex -10.9275 -1.26108 47.0013
  endloop
endfacet
facet normal 0.985534 0.169297 -0.00787656
  outer loop
    vertex -10.7453 -2.35347 46.3174
    vertex -10.8983 -1.49214 45.6819
    vertex -10.9275 -1.26108 47.0013
  endloop
endfacet
facet normal 0.998195 0.060058 0
  outer loop
    vertex -11 0 4
    vertex -10.9206 -1.31889 2.96939
    vertex -11 0 2.5
  endloop
endfacet
facet normal 0.997693 0.0672539 -0.00924734
  outer loop
    vertex -10.9206 -1.31889 2.96939
    vertex -11 0 4
    vertex -10.8884 -1.56292 4.6736
  endloop
endfacet
facet normal 0.982516 0.184348 -0.0260531
  outer loop
    vertex -10.6116 -2.89717 3.45584
    vertex -10.7736 -2.22027 2.13689
    vertex -10.9206 -1.31889 2.96939
  endloop
endfacet
facet normal 0.980774 0.194921 0.0093537
  outer loop
    vertex -10.8884 -1.56292 4.6736
    vertex -10.6116 -2.89717 3.45584
    vertex -10.9206 -1.31889 2.96939
  endloop
endfacet
facet normal 0.980779 0.195089 -0.00370794
  outer loop
    vertex -10.9059 -1.43579 -2
    vertex -10.9134 -1.37784 -0.927626
    vertex -10.6252 -2.84701 -2
  endloop
endfacet
facet normal 0.980779 0.195089 0.00370788
  outer loop
    vertex -10.9134 -1.37784 50.9276
    vertex -10.9059 -1.43579 52
    vertex -10.6252 -2.84701 52
  endloop
endfacet
facet normal 0.195089 0.980779 -0.00370794
  outer loop
    vertex -1.37784 -10.9134 -0.927626
    vertex -1.43579 -10.9059 -2
    vertex -2.84701 -10.6252 -2
  endloop
endfacet
facet normal 0.195089 0.980779 0.00370788
  outer loop
    vertex -1.43579 -10.9059 52
    vertex -1.37784 -10.9134 50.9276
    vertex -2.84701 -10.6252 52
  endloop
endfacet
facet normal 0.659346 0.75184 2.89558e-13
  outer loop
    vertex -6.69638 -8.72689 -2
    vertex -7.77817 -7.77817 -2
    vertex -7.77817 -7.77817 -0.655378
  endloop
endfacet
facet normal 0.566274 0.824206 0.00430372
  outer loop
    vertex -6.69638 -8.72689 -2
    vertex -6.54904 -8.83799 -0.108621
    vertex -5.83647 -9.32393 -0.805365
  endloop
endfacet
facet normal 0.654684 0.755874 -0.00659737
  outer loop
    vertex -7.77817 -7.77817 -0.655378
    vertex -6.54904 -8.83799 -0.108621
    vertex -6.69638 -8.72689 -2
  endloop
endfacet
facet normal 0.75184 0.659346 -2.89473e-13
  outer loop
    vertex -7.77817 -7.77817 -2
    vertex -8.72689 -6.69638 -2
    vertex -7.77817 -7.77817 -0.655378
  endloop
endfacet
facet normal 0.824206 0.566274 0.00430372
  outer loop
    vertex -8.83799 -6.54904 -0.108621
    vertex -8.72689 -6.69638 -2
    vertex -9.32393 -5.83647 -0.805365
  endloop
endfacet
facet normal 0.755874 0.654684 -0.00659737
  outer loop
    vertex -8.83799 -6.54904 -0.108621
    vertex -7.77817 -7.77817 -0.655378
    vertex -8.72689 -6.69638 -2
  endloop
endfacet
facet normal 0.659346 0.75184 -2.89386e-13
  outer loop
    vertex -7.77817 -7.77817 52
    vertex -6.69638 -8.72689 52
    vertex -7.77817 -7.77817 50.655
  endloop
endfacet
facet normal 0.566258 0.824217 -0.0043209
  outer loop
    vertex -6.54822 -8.8386 50.1068
    vertex -6.69638 -8.72689 52
    vertex -5.83647 -9.32393 50.8053
  endloop
endfacet
facet normal 0.65466 0.755895 0.00662911
  outer loop
    vertex -6.54822 -8.8386 50.1068
    vertex -7.77817 -7.77817 50.655
    vertex -6.69638 -8.72689 52
  endloop
endfacet
facet normal 0.75184 0.659346 2.89357e-13
  outer loop
    vertex -8.72689 -6.69638 52
    vertex -7.77817 -7.77817 52
    vertex -7.77817 -7.77817 50.655
  endloop
endfacet
facet normal 0.824217 0.566258 -0.0043209
  outer loop
    vertex -8.72689 -6.69638 52
    vertex -8.8386 -6.54822 50.1068
    vertex -9.32393 -5.83647 50.8053
  endloop
endfacet
facet normal 0.755895 0.65466 0.00662911
  outer loop
    vertex -7.77817 -7.77817 50.655
    vertex -8.8386 -6.54822 50.1068
    vertex -8.72689 -6.69638 52
  endloop
endfacet
facet normal 0.750287 0.661112 0
  outer loop
    vertex -8.6953 -6.73735 28.0583
    vertex -7.77817 -7.77817 28.7023
    vertex -7.77817 -7.77817 27.0265
  endloop
endfacet
facet normal 0.661112 0.750287 0
  outer loop
    vertex -7.77817 -7.77817 28.7023
    vertex -6.73735 -8.6953 28.0583
    vertex -7.77817 -7.77817 27.0265
  endloop
endfacet
facet normal 0.746827 0.665018 1.82968e-14
  outer loop
    vertex -8.62451 -6.82773 39.7892
    vertex -7.77817 -7.77817 40.7743
    vertex -7.77817 -7.77817 38.9482
  endloop
endfacet
facet normal 0.665018 0.746827 -1.82637e-14
  outer loop
    vertex -7.77817 -7.77817 40.7743
    vertex -6.82773 -8.62451 39.7892
    vertex -7.77817 -7.77817 38.9482
  endloop
endfacet
facet normal 0.99746 0.0712228 0
  outer loop
    vertex -10.8884 -1.56292 4.6736
    vertex -11 0 4
    vertex -11 0 5.5
  endloop
endfacet
facet normal 0.0712228 0.99746 -0
  outer loop
    vertex 0 -11 4
    vertex -1.56292 -10.8884 4.6736
    vertex 0 -11 5.5
  endloop
endfacet
facet normal 0.997687 0.067982 0
  outer loop
    vertex -11 0 46
    vertex -10.8983 -1.49214 45.6819
    vertex -11 0 44.5
  endloop
endfacet
facet normal 0.067982 0.997687 0
  outer loop
    vertex -1.49214 -10.8983 45.6819
    vertex 0 -11 46
    vertex 0 -11 44.5
  endloop
endfacet
facet normal 0.983104 0.182724 0.010908
  outer loop
    vertex -10.8983 -1.49214 45.6819
    vertex -10.7453 -2.35347 46.3174
    vertex -10.6895 -2.59521 45.3368
  endloop
endfacet
facet normal 0.958613 0.28429 -0.0155247
  outer loop
    vertex -10.6895 -2.59521 45.3368
    vertex -10.7453 -2.35347 46.3174
    vertex -10.31 -3.83465 46.0736
  endloop
endfacet
facet normal 0.182724 0.983104 0.010908
  outer loop
    vertex -2.35347 -10.7453 46.3174
    vertex -1.49214 -10.8983 45.6819
    vertex -2.59521 -10.6895 45.3368
  endloop
endfacet
facet normal 0.28429 0.958613 -0.0155247
  outer loop
    vertex -2.35347 -10.7453 46.3174
    vertex -2.59521 -10.6895 45.3368
    vertex -3.83465 -10.31 46.0736
  endloop
endfacet
facet normal 0.976475 0.215186 -0.0138278
  outer loop
    vertex -10.6116 -2.89717 3.45584
    vertex -10.8884 -1.56292 4.6736
    vertex -10.524 -3.20092 4.91772
  endloop
endfacet
facet normal 0.94598 0.324051 0.0106208
  outer loop
    vertex -10.6116 -2.89717 3.45584
    vertex -10.524 -3.20092 4.91772
    vertex -10.2086 -4.09698 4.1638
  endloop
endfacet
facet normal 0.215186 0.976475 -0.0138278
  outer loop
    vertex -1.56292 -10.8884 4.6736
    vertex -2.89717 -10.6116 3.45584
    vertex -3.20092 -10.524 4.91772
  endloop
endfacet
facet normal 0.324051 0.94598 0.0106208
  outer loop
    vertex -3.20092 -10.524 4.91772
    vertex -2.89717 -10.6116 3.45584
    vertex -4.09698 -10.2086 4.1638
  endloop
endfacet
facet normal 0.900552 0.434641 0.00968503
  outer loop
    vertex -10.2073 -4.10022 49.1236
    vertex -10.0895 -4.382 50.8196
    vertex -9.58624 -5.39481 49.4768
  endloop
endfacet
facet normal 0.947333 0.320001 -0.0126106
  outer loop
    vertex -10.0895 -4.382 50.8196
    vertex -10.2073 -4.10022 49.1236
    vertex -10.6525 -2.74304 50.1157
  endloop
endfacet
facet normal 0.434641 0.900552 0.00968503
  outer loop
    vertex -4.382 -10.0895 50.8196
    vertex -4.10022 -10.2073 49.1236
    vertex -5.39481 -9.58624 49.4768
  endloop
endfacet
facet normal 0.320001 0.947333 -0.0126106
  outer loop
    vertex -4.10022 -10.2073 49.1236
    vertex -4.382 -10.0895 50.8196
    vertex -2.74304 -10.6525 50.1157
  endloop
endfacet
facet normal 0.900681 0.434365 -0.0100332
  outer loop
    vertex -10.0895 -4.382 -0.819693
    vertex -10.2104 -4.09245 0.864661
    vertex -9.58547 -5.39618 0.520756
  endloop
endfacet
facet normal 0.94738 0.319847 0.0130047
  outer loop
    vertex -10.2104 -4.09245 0.864661
    vertex -10.0895 -4.382 -0.819693
    vertex -10.6525 -2.74304 -0.115777
  endloop
endfacet
facet normal 0.434365 0.900681 -0.0100332
  outer loop
    vertex -4.09245 -10.2104 0.864661
    vertex -4.382 -10.0895 -0.819693
    vertex -5.39618 -9.58547 0.520756
  endloop
endfacet
facet normal 0.319847 0.94738 0.0130047
  outer loop
    vertex -4.382 -10.0895 -0.819693
    vertex -4.09245 -10.2104 0.864661
    vertex -2.74304 -10.6525 -0.115777
  endloop
endfacet
facet normal 0.956167 0.292371 0.0162631
  outer loop
    vertex -10.7131 -2.49586 47.5585
    vertex -10.6182 -2.87282 48.7574
    vertex -10.2915 -3.88383 47.7255
  endloop
endfacet
facet normal 0.948976 0.315236 -0.00841624
  outer loop
    vertex -10.2915 -3.88383 47.7255
    vertex -10.6182 -2.87282 48.7574
    vertex -10.2073 -4.10022 49.1236
  endloop
endfacet
facet normal 0.292371 0.956167 0.0162631
  outer loop
    vertex -2.87282 -10.6182 48.7574
    vertex -2.49586 -10.7131 47.5585
    vertex -3.88383 -10.2915 47.7255
  endloop
endfacet
facet normal 0.315236 0.948976 -0.00841624
  outer loop
    vertex -2.87282 -10.6182 48.7574
    vertex -3.88383 -10.2915 47.7255
    vertex -4.10022 -10.2073 49.1236
  endloop
endfacet
facet normal 0.964625 0.262681 -0.0222962
  outer loop
    vertex -10.6327 -2.81869 1.18109
    vertex -10.7736 -2.22027 2.13689
    vertex -10.4113 -3.55043 2.1417
  endloop
endfacet
facet normal 0.950333 0.310737 0.0176052
  outer loop
    vertex -10.6327 -2.81869 1.18109
    vertex -10.4113 -3.55043 2.1417
    vertex -10.2104 -4.09245 0.864661
  endloop
endfacet
facet normal 0.262681 0.964625 -0.0222962
  outer loop
    vertex -2.22027 -10.7736 2.13689
    vertex -2.81869 -10.6327 1.18109
    vertex -3.55043 -10.4113 2.1417
  endloop
endfacet
facet normal 0.310737 0.950333 0.0176052
  outer loop
    vertex -3.55043 -10.4113 2.1417
    vertex -2.81869 -10.6327 1.18109
    vertex -4.09245 -10.2104 0.864661
  endloop
endfacet
facet normal 0.0423878 0.999101 -0
  outer loop
    vertex 0 -11 40
    vertex -0.931694 -10.9605 40.8472
    vertex 0 -11 41.5
  endloop
endfacet
facet normal 0.999101 0.0423878 0
  outer loop
    vertex -10.9605 -0.931694 40.8472
    vertex -11 0 40
    vertex -11 0 41.5
  endloop
endfacet
facet normal 0.0623667 0.997912 0.01681
  outer loop
    vertex -1.14061 -10.9407 6.21174
    vertex 0 -11 5.5
    vertex -1.56292 -10.8884 4.6736
  endloop
endfacet
facet normal 0.165813 0.986084 -0.0119947
  outer loop
    vertex -2.4875 -10.7151 6.1434
    vertex -1.14061 -10.9407 6.21174
    vertex -1.56292 -10.8884 4.6736
  endloop
endfacet
facet normal 0.997912 0.0623667 0.01681
  outer loop
    vertex -11 0 5.5
    vertex -10.9407 -1.14061 6.21174
    vertex -10.8884 -1.56292 4.6736
  endloop
endfacet
facet normal 0.986084 0.165813 -0.0119947
  outer loop
    vertex -10.9407 -1.14061 6.21174
    vertex -10.7151 -2.4875 6.1434
    vertex -10.8884 -1.56292 4.6736
  endloop
endfacet
facet normal 0.911535 0.410956 0.0148371
  outer loop
    vertex -9.76853 -5.05725 10.7966
    vertex -10.3087 -3.83799 10.2132
    vertex -10.1673 -4.19844 11.5055
  endloop
endfacet
facet normal 0.913439 0.406949 0.0047018
  outer loop
    vertex -10.3087 -3.83799 10.2132
    vertex -9.76853 -5.05725 10.7966
    vertex -9.71634 -5.15682 9.27445
  endloop
endfacet
facet normal 0.410956 0.911535 0.0148371
  outer loop
    vertex -3.83799 -10.3087 10.2132
    vertex -5.05725 -9.76853 10.7966
    vertex -4.19844 -10.1673 11.5055
  endloop
endfacet
facet normal 0.406949 0.913439 0.0047018
  outer loop
    vertex -5.05725 -9.76853 10.7966
    vertex -3.83799 -10.3087 10.2132
    vertex -5.15682 -9.71634 9.27445
  endloop
endfacet
facet normal 0.421617 0.906769 -0.00293235
  outer loop
    vertex -5.09893 -9.74684 12.0368
    vertex -4.1289 -10.1957 12.71
    vertex -4.19844 -10.1673 11.5055
  endloop
endfacet
facet normal 0.422501 0.906351 -0.00448491
  outer loop
    vertex -4.1289 -10.1957 12.71
    vertex -5.09893 -9.74684 12.0368
    vertex -5.1987 -9.69399 13.3178
  endloop
endfacet
facet normal 0.906769 0.421617 -0.00293235
  outer loop
    vertex -10.1957 -4.1289 12.71
    vertex -9.74684 -5.09893 12.0368
    vertex -10.1673 -4.19844 11.5055
  endloop
endfacet
facet normal 0.906351 0.422501 -0.00448491
  outer loop
    vertex -9.74684 -5.09893 12.0368
    vertex -10.1957 -4.1289 12.71
    vertex -9.69399 -5.1987 13.3178
  endloop
endfacet
facet normal 0.522159 0.852831 0.00541704
  outer loop
    vertex -6.22717 -9.06765 13.8464
    vertex -5.31428 -9.63112 14.5599
    vertex -5.1987 -9.69399 13.3178
  endloop
endfacet
facet normal 0.525974 0.8505 -0.00130372
  outer loop
    vertex -5.31428 -9.63112 14.5599
    vertex -6.22717 -9.06765 13.8464
    vertex -6.25615 -9.04768 15.1824
  endloop
endfacet
facet normal 0.852831 0.522159 0.00541704
  outer loop
    vertex -9.63112 -5.31428 14.5599
    vertex -9.06765 -6.22717 13.8464
    vertex -9.69399 -5.1987 13.3178
  endloop
endfacet
facet normal 0.8505 0.525974 -0.00130372
  outer loop
    vertex -9.06765 -6.22717 13.8464
    vertex -9.63112 -5.31428 14.5599
    vertex -9.04768 -6.25615 15.1824
  endloop
endfacet
facet normal 0.671286 0.741199 0
  outer loop
    vertex -6.97205 -8.50826 25.6863
    vertex -7.77817 -7.77817 24.9524
    vertex -7.77817 -7.77817 27.0265
  endloop
endfacet
facet normal 0.741199 0.671286 -0
  outer loop
    vertex -7.77817 -7.77817 24.9524
    vertex -8.50826 -6.97205 25.6863
    vertex -7.77817 -7.77817 27.0265
  endloop
endfacet
facet normal 0.99887 0.0475259 0
  outer loop
    vertex -10.9503 -1.04439 27.2016
    vertex -11 0 26.5
    vertex -11 0 28
  endloop
endfacet
facet normal 0.0475259 0.99887 -0
  outer loop
    vertex 0 -11 26.5
    vertex -1.04439 -10.9503 27.2016
    vertex 0 -11 28
  endloop
endfacet
facet normal 0.0478342 0.998855 0
  outer loop
    vertex -1.05115 -10.9497 12.2299
    vertex 0 -11 13
    vertex 0 -11 11.5
  endloop
endfacet
facet normal 0.998855 0.0478342 0
  outer loop
    vertex -11 0 13
    vertex -10.9497 -1.05115 12.2299
    vertex -11 0 11.5
  endloop
endfacet
facet normal 0.195412 0.980578 -0.0167626
  outer loop
    vertex -2.94929 -10.5972 7.6513
    vertex -1.40185 -10.9103 7.37745
    vertex -2.4875 -10.7151 6.1434
  endloop
endfacet
facet normal 0.980578 0.195412 -0.0167626
  outer loop
    vertex -10.9103 -1.40185 7.37745
    vertex -10.5972 -2.94929 7.6513
    vertex -10.7151 -2.4875 6.1434
  endloop
endfacet
facet normal 0.0632081 0.998 -0
  outer loop
    vertex 0 -11 28
    vertex -1.3878 -10.9121 28.7145
    vertex 0 -11 29.5
  endloop
endfacet
facet normal 0.998 0.0632081 0
  outer loop
    vertex -10.9121 -1.3878 28.7145
    vertex -11 0 28
    vertex -11 0 29.5
  endloop
endfacet
facet normal 0.361276 0.932433 0.0069605
  outer loop
    vertex -3.40252 -10.4605 15.2874
    vertex -4.54097 -10.019 15.2234
    vertex -4.33604 -10.1093 16.6939
  endloop
endfacet
facet normal 0.932433 0.361276 0.0069605
  outer loop
    vertex -10.019 -4.54097 15.2234
    vertex -10.4605 -3.40252 15.2874
    vertex -10.1093 -4.33604 16.6939
  endloop
endfacet
facet normal 0.519016 0.854689 0.0113446
  outer loop
    vertex -6.32129 -9.0023 8.7538
    vertex -6.06873 -9.17445 10.1692
    vertex -5.15682 -9.71634 9.27445
  endloop
endfacet
facet normal 0.575962 0.817389 -0.0119288
  outer loop
    vertex -5.80487 -9.34363 11.3163
    vertex -6.06873 -9.17445 10.1692
    vertex -6.85262 -8.60475 11.3579
  endloop
endfacet
facet normal 0.854689 0.519016 0.0113446
  outer loop
    vertex -9.17445 -6.06873 10.1692
    vertex -9.0023 -6.32129 8.7538
    vertex -9.71634 -5.15682 9.27445
  endloop
endfacet
facet normal 0.817389 0.575962 -0.0119288
  outer loop
    vertex -9.17445 -6.06873 10.1692
    vertex -9.34363 -5.80487 11.3163
    vertex -8.60475 -6.85262 11.3579
  endloop
endfacet
facet normal 0.85564 0.517526 -0.00692708
  outer loop
    vertex -9.06765 -6.22717 13.8464
    vertex -9.17453 -6.06861 12.4913
    vertex -9.69399 -5.1987 13.3178
  endloop
endfacet
facet normal 0.517526 0.85564 -0.00692708
  outer loop
    vertex -6.06861 -9.17453 12.4913
    vertex -6.22717 -9.06765 13.8464
    vertex -5.1987 -9.69399 13.3178
  endloop
endfacet
facet normal 0.740014 0.672591 -2.08161e-14
  outer loop
    vertex -8.48363 -7.002 9.71061
    vertex -7.77817 -7.77817 10.4976
    vertex -7.77817 -7.77817 9.19079
  endloop
endfacet
facet normal 0.743049 0.669209 -0.00605542
  outer loop
    vertex -7.77817 -7.77817 10.4976
    vertex -8.48363 -7.002 9.71061
    vertex -8.60475 -6.85262 11.3579
  endloop
endfacet
facet normal 0.672591 0.740014 2.08494e-14
  outer loop
    vertex -7.77817 -7.77817 10.4976
    vertex -7.002 -8.48363 9.71061
    vertex -7.77817 -7.77817 9.19079
  endloop
endfacet
facet normal 0.669209 0.743049 -0.00605542
  outer loop
    vertex -7.002 -8.48363 9.71061
    vertex -7.77817 -7.77817 10.4976
    vertex -6.85262 -8.60475 11.3579
  endloop
endfacet
facet normal 0.0600512 0.998195 0
  outer loop
    vertex -1.31874 -10.9207 39.4458
    vertex 0 -11 40
    vertex 0 -11 38.5
  endloop
endfacet
facet normal 0.998195 0.0600512 0
  outer loop
    vertex -11 0 40
    vertex -10.9207 -1.31874 39.4458
    vertex -11 0 38.5
  endloop
endfacet
facet normal 0.738387 0.674377 -1.00976e-15
  outer loop
    vertex -8.44969 -7.04292 14.6528
    vertex -7.77817 -7.77817 15.4603
    vertex -7.77817 -7.77817 13.7488
  endloop
endfacet
facet normal 0.79653 0.604598 0.00120827
  outer loop
    vertex -8.44969 -7.04292 14.6528
    vertex -9.06765 -6.22717 13.8464
    vertex -9.04768 -6.25615 15.1824
  endloop
endfacet
facet normal 0.674377 0.738387 1.74515e-15
  outer loop
    vertex -7.77817 -7.77817 15.4603
    vertex -7.04292 -8.44969 14.6528
    vertex -7.77817 -7.77817 13.7488
  endloop
endfacet
facet normal 0.604598 0.79653 0.00120827
  outer loop
    vertex -6.22717 -9.06765 13.8464
    vertex -7.04292 -8.44969 14.6528
    vertex -6.25615 -9.04768 15.1824
  endloop
endfacet
facet normal 0.0635622 0.997978 0
  outer loop
    vertex -1.39554 -10.9111 37.7226
    vertex 0 -11 38.5
    vertex 0 -11 37
  endloop
endfacet
facet normal 0.997978 0.0635622 0
  outer loop
    vertex -11 0 38.5
    vertex -10.9111 -1.39554 37.7226
    vertex -11 0 37
  endloop
endfacet
facet normal 0.997831 0.0658271 0
  outer loop
    vertex -10.9047 -1.44506 30.3013
    vertex -11 0 29.5
    vertex -11 0 31
  endloop
endfacet
facet normal 0.0658271 0.997831 -0
  outer loop
    vertex 0 -11 29.5
    vertex -1.44506 -10.9047 30.3013
    vertex 0 -11 31
  endloop
endfacet
facet normal 0.67162 0.740896 4.57423e-15
  outer loop
    vertex -6.97973 -8.50196 13.0224
    vertex -7.77817 -7.77817 12.0371
    vertex -7.77817 -7.77817 13.7488
  endloop
endfacet
facet normal 0.740896 0.67162 -4.60117e-15
  outer loop
    vertex -7.77817 -7.77817 12.0371
    vertex -8.50196 -6.97973 13.0224
    vertex -7.77817 -7.77817 13.7488
  endloop
endfacet
facet normal 0.904047 0.427391 0.00602563
  outer loop
    vertex -10.1957 -4.1289 12.71
    vertex -10.1296 -4.28855 14.114
    vertex -9.69399 -5.1987 13.3178
  endloop
endfacet
facet normal 0.427391 0.904047 0.00602563
  outer loop
    vertex -4.28855 -10.1296 14.114
    vertex -4.1289 -10.1957 12.71
    vertex -5.1987 -9.69399 13.3178
  endloop
endfacet
facet normal 0.874966 0.484035 -0.0120144
  outer loop
    vertex -9.29788 -5.87788 31.4954
    vertex -9.98494 -4.6153 32.3259
    vertex -9.14254 -6.1167 33.1867
  endloop
endfacet
facet normal 0.484035 0.874966 -0.0120144
  outer loop
    vertex -4.6153 -9.98494 32.3259
    vertex -5.87788 -9.29788 31.4954
    vertex -6.1167 -9.14254 33.1867
  endloop
endfacet
facet normal 0.431303 0.901982 -0.0201514
  outer loop
    vertex -5.41195 -9.57658 7.6249
    vertex -4.18682 -10.172 7.19302
    vertex -4.83316 -9.88132 6.37217
  endloop
endfacet
facet normal 0.901982 0.431303 -0.0201514
  outer loop
    vertex -10.172 -4.18682 7.19302
    vertex -9.57658 -5.41195 7.6249
    vertex -9.88132 -4.83316 6.37217
  endloop
endfacet
facet normal 0.242345 0.970186 0.00293247
  outer loop
    vertex -3.17864 -10.5307 13.507
    vertex -2.20258 -10.7772 14.3959
    vertex -2.10296 -10.7971 12.7406
  endloop
endfacet
facet normal 0.970186 0.242345 0.00293247
  outer loop
    vertex -10.7772 -2.20258 14.3959
    vertex -10.5307 -3.17864 13.507
    vertex -10.7971 -2.10296 12.7406
  endloop
endfacet
facet normal 0.668736 0.743371 -0.0138372
  outer loop
    vertex -6.94265 -8.53227 26.8945
    vertex -7.77817 -7.77817 27.0265
    vertex -6.73735 -8.6953 28.0583
  endloop
endfacet
facet normal 0.592522 0.805553 0.00158833
  outer loop
    vertex -6.94265 -8.53227 26.8945
    vertex -6.0727 -9.17182 26.7242
    vertex -6.97205 -8.50826 25.6863
  endloop
endfacet
facet normal 0.593328 0.80492 0.00808605
  outer loop
    vertex -6.0727 -9.17182 26.7242
    vertex -6.94265 -8.53227 26.8945
    vertex -6.73735 -8.6953 28.0583
  endloop
endfacet
facet normal 0.66987 0.742477 -0.00154756
  outer loop
    vertex -7.77817 -7.77817 27.0265
    vertex -6.94265 -8.53227 26.8945
    vertex -6.97205 -8.50826 25.6863
  endloop
endfacet
facet normal 0.743371 0.668736 -0.0138372
  outer loop
    vertex -7.77817 -7.77817 27.0265
    vertex -8.53227 -6.94265 26.8945
    vertex -8.6953 -6.73735 28.0583
  endloop
endfacet
facet normal 0.805553 0.592522 0.00158833
  outer loop
    vertex -9.17182 -6.0727 26.7242
    vertex -8.53227 -6.94265 26.8945
    vertex -8.50826 -6.97205 25.6863
  endloop
endfacet
facet normal 0.80492 0.593328 0.00808605
  outer loop
    vertex -8.53227 -6.94265 26.8945
    vertex -9.17182 -6.0727 26.7242
    vertex -8.6953 -6.73735 28.0583
  endloop
endfacet
facet normal 0.742477 0.66987 -0.00154756
  outer loop
    vertex -8.53227 -6.94265 26.8945
    vertex -7.77817 -7.77817 27.0265
    vertex -8.50826 -6.97205 25.6863
  endloop
endfacet
facet normal 0.416546 0.909041 -0.0115563
  outer loop
    vertex -3.83799 -10.3087 10.2132
    vertex -4.15127 -10.1866 8.52715
    vertex -5.15682 -9.71634 9.27445
  endloop
endfacet
facet normal 0.909041 0.416546 -0.0115563
  outer loop
    vertex -10.1866 -4.15127 8.52715
    vertex -10.3087 -3.83799 10.2132
    vertex -9.71634 -5.15682 9.27445
  endloop
endfacet
facet normal 0.334332 0.942422 0.00796596
  outer loop
    vertex -3.04387 -10.5705 17.0159
    vertex -4.33604 -10.1093 16.6939
    vertex -4.1584 -10.1837 18.0354
  endloop
endfacet
facet normal 0.942422 0.334332 0.00796596
  outer loop
    vertex -10.1093 -4.33604 16.6939
    vertex -10.5705 -3.04387 17.0159
    vertex -10.1837 -4.1584 18.0354
  endloop
endfacet
facet normal 0.0668807 0.997761 0
  outer loop
    vertex -1.46808 -10.9016 42.1505
    vertex 0 -11 43
    vertex 0 -11 41.5
  endloop
endfacet
facet normal 0.997761 0.0668807 0
  outer loop
    vertex -11 0 43
    vertex -10.9016 -1.46808 42.1505
    vertex -11 0 41.5
  endloop
endfacet
facet normal 0.285466 0.958242 -0.0167756
  outer loop
    vertex -3.8002 -10.3227 6.21623
    vertex -2.4875 -10.7151 6.1434
    vertex -3.20092 -10.524 4.91772
  endloop
endfacet
facet normal 0.958242 0.285466 -0.0167756
  outer loop
    vertex -10.7151 -2.4875 6.1434
    vertex -10.3227 -3.8002 6.21623
    vertex -10.524 -3.20092 4.91772
  endloop
endfacet
facet normal 0.850633 0.525753 0.00260852
  outer loop
    vertex -9.61534 -5.34278 16.201
    vertex -9.09995 -6.17988 16.8537
    vertex -9.04768 -6.25615 15.1824
  endloop
endfacet
facet normal 0.525753 0.850633 0.00260852
  outer loop
    vertex -6.17988 -9.09995 16.8537
    vertex -5.34278 -9.61534 16.201
    vertex -6.25615 -9.04768 15.1824
  endloop
endfacet
facet normal 0.982192 0.187789 -0.00583046
  outer loop
