solid Created by Gmsh
facet normal 0.112916 0.993604 0
  outer loop
    vertex -2.0195 -8.7705 4.17713
    vertex 0 -9 5.71429
    vertex 0 -9 3.78571
  endloop
endfacet
facet normal 0.993604 0.112916 0
  outer loop
    vertex -9 0 5.71429
    vertex -8.7705 -2.0195 4.17713
    vertex -9 0 3.78571
  endloop
endfacet
facet normal 0.884327 0.46629 0.0232073
  outer loop
    vertex -7.50535 -4.96686 2.65996
    vertex -8.35737 -3.33982 2.43546
    vertex -8.194 -3.72267 3.90279
  endloop
endfacet
facet normal 0.46629 0.884327 0.0232073
  outer loop
    vertex -3.33982 -8.35737 2.43546
    vertex -4.96686 -7.50535 2.65996
    vertex -3.72267 -8.194 3.90279
  endloop
endfacet
facet normal 0.3184 0.947837 0.0150556
  outer loop
    vertex -3.72267 -8.194 3.90279
    vertex -3.48713 -8.29698 5.40458
    vertex -2.0195 -8.7705 4.17713
  endloop
endfacet
facet normal 0.947837 0.3184 0.0150556
  outer loop
    vertex -8.29698 -3.48713 5.40458
    vertex -8.194 -3.72267 3.90279
    vertex -8.7705 -2.0195 4.17713
  endloop
endfacet
facet normal 0.278847 0.959984 -0.0260027
  outer loop
    vertex -1.75571 -8.82709 2.08166
    vertex -2.69655 -8.58654 0.87312
    vertex -3.33982 -8.35737 2.43546
  endloop
endfacet
facet normal 0.959984 0.278847 -0.0260027
  outer loop
    vertex -8.58654 -2.69655 0.87312
    vertex -8.82709 -1.75571 2.08166
    vertex -8.35737 -3.33982 2.43546
  endloop
endfacet
facet normal 0.264681 0.964185 0.0170643
  outer loop
    vertex -1.50397 -8.87345 50.7143
    vertex -3.24117 -8.39612 50.6892
    vertex -1.75581 -8.82707 52
  endloop
endfacet
facet normal 0.290255 0.956842 -0.014329
  outer loop
    vertex -1.75581 -8.82707 52
    vertex -3.24117 -8.39612 50.6892
    vertex -3.44415 -8.31492 52
  endloop
endfacet
facet normal 0.964185 0.264681 0.0170643
  outer loop
    vertex -8.39612 -3.24117 50.6892
    vertex -8.87345 -1.50397 50.7143
    vertex -8.82707 -1.75581 52
  endloop
endfacet
facet normal 0.956842 0.290255 -0.014329
  outer loop
    vertex -8.39612 -3.24117 50.6892
    vertex -8.82707 -1.75581 52
    vertex -8.31492 -3.44415 52
  endloop
endfacet
facet normal 0.0980111 0.995185 0
  outer loop
    vertex -1.75571 -8.82709 2.08166
    vertex 0 -9 3.78571
    vertex 0 -9 1.85714
  endloop
endfacet
facet normal 0.110431 0.9938 -0.0129371
  outer loop
    vertex 0 -9 3.78571
    vertex -1.75571 -8.82709 2.08166
    vertex -2.0195 -8.7705 4.17713
  endloop
endfacet
facet normal 0.995185 0.0980111 0
  outer loop
    vertex -9 0 3.78571
    vertex -8.82709 -1.75571 2.08166
    vertex -9 0 1.85714
  endloop
endfacet
facet normal 0.9938 0.110431 -0.0129371
  outer loop
    vertex -8.82709 -1.75571 2.08166
    vertex -9 0 3.78571
    vertex -8.7705 -2.0195 4.17713
  endloop
endfacet
facet normal 0.219173 0.975402 0.0235223
  outer loop
    vertex -2.69655 -8.58654 0.87312
    vertex -1.75571 -8.82709 2.08166
    vertex -1.19683 -8.92007 0.729792
  endloop
endfacet
facet normal 0.975402 0.219173 0.0235223
  outer loop
    vertex -8.82709 -1.75571 2.08166
    vertex -8.58654 -2.69655 0.87312
    vertex -8.92007 -1.19683 0.729792
  endloop
endfacet
facet normal 0.0980035 0.995046 -0.0166987
  outer loop
    vertex 0 -9 52
    vertex -1.50397 -8.87345 50.7143
    vertex -1.75581 -8.82707 52
  endloop
endfacet
facet normal 0.0838491 0.996478 0
  outer loop
    vertex 0 -9 52
    vertex 0 -9 50.0714
    vertex -1.50397 -8.87345 50.7143
  endloop
endfacet
facet normal 0.995046 0.0980035 -0.0166987
  outer loop
    vertex -8.87345 -1.50397 50.7143
    vertex -9 0 52
    vertex -8.82707 -1.75581 52
  endloop
endfacet
facet normal 0.996478 0.0838491 -0
  outer loop
    vertex -9 0 50.0714
    vertex -9 0 52
    vertex -8.87345 -1.50397 50.7143
  endloop
endfacet
facet normal 0.323561 0.945976 -0.0208962
  outer loop
    vertex -2.0195 -8.7705 4.17713
    vertex -3.33982 -8.35737 2.43546
    vertex -3.72267 -8.194 3.90279
  endloop
endfacet
facet normal 0.286359 0.958068 0.0101747
  outer loop
    vertex -1.75571 -8.82709 2.08166
    vertex -3.33982 -8.35737 2.43546
    vertex -2.0195 -8.7705 4.17713
  endloop
endfacet
facet normal 0.945976 0.323561 -0.0208962
  outer loop
    vertex -8.35737 -3.33982 2.43546
    vertex -8.7705 -2.0195 4.17713
    vertex -8.194 -3.72267 3.90279
  endloop
endfacet
facet normal 0.958068 0.286359 0.0101747
  outer loop
    vertex -8.35737 -3.33982 2.43546
    vertex -8.82709 -1.75571 2.08166
    vertex -8.7705 -2.0195 4.17713
  endloop
endfacet
facet normal 0.0666387 0.997777 0
  outer loop
    vertex -1.19683 -8.92007 0.729792
    vertex 0 -9 1.85714
    vertex 0 -9 -0.0714286
  endloop
endfacet
facet normal 0.0942337 0.995113 -0.0294845
  outer loop
    vertex -1.75571 -8.82709 2.08166
    vertex 0 -9 1.85714
    vertex -1.19683 -8.92007 0.729792
  endloop
endfacet
facet normal 0.997777 0.0666387 0
  outer loop
    vertex -9 0 1.85714
    vertex -8.92007 -1.19683 0.729792
    vertex -9 0 -0.0714286
  endloop
endfacet
facet normal 0.995113 0.0942337 -0.0294845
  outer loop
    vertex -9 0 1.85714
    vertex -8.82709 -1.75571 2.08166
    vertex -8.92007 -1.19683 0.729792
  endloop
endfacet
facet normal 0.318155 0.947876 -0.0175718
  outer loop
    vertex -3.80706 -8.15514 45.2822
    vertex -1.98494 -8.77838 44.6538
    vertex -3.32037 -8.36512 42.7675
  endloop
endfacet
facet normal 0.947876 0.318155 -0.0175718
  outer loop
    vertex -8.77838 -1.98494 44.6538
    vertex -8.15514 -3.80706 45.2822
    vertex -8.36512 -3.32037 42.7675
  endloop
endfacet
facet normal 0.46558 0.884971 0.00781091
  outer loop
    vertex -4.87414 -7.5659 18.7833
    vertex -3.56993 -8.26169 19.8779
    vertex -3.39324 -8.33582 17.7446
  endloop
endfacet
facet normal 0.625535 0.780187 0.00382295
  outer loop
    vertex -4.87414 -7.5659 18.7833
    vertex -6.35195 -6.37595 17.7479
    vertex -6.29158 -6.43553 20.0287
  endloop
endfacet
facet normal 0.88267 0.469921 0.00825041
  outer loop
    vertex -8.26169 -3.56993 19.8779
    vertex -7.51754 -4.94839 18.7779
    vertex -8.33582 -3.39324 17.7446
  endloop
endfacet
facet normal 0.773211 0.634136 -0.00390136
  outer loop
    vertex -6.35195 -6.37595 17.7479
    vertex -7.51754 -4.94839 18.7779
    vertex -6.29158 -6.43553 20.0287
  endloop
endfacet
facet normal 0.882259 0.470622 -0.011549
  outer loop
    vertex -8.36512 -3.32037 42.7675
    vertex -7.46056 -5.03389 42.0428
    vertex -8.23975 -3.62029 40.1225
  endloop
endfacet
facet normal 0.46917 0.883035 -0.0113475
  outer loop
    vertex -5.00945 -7.47699 42.0428
    vertex -3.32037 -8.36512 42.7675
    vertex -3.62029 -8.23975 40.1225
  endloop
endfacet
facet normal 0.636942 0.770855 -0.00935923
  outer loop
    vertex -5.15596 -7.37672 0.384838
    vertex -6.36396 -6.36396 1.58887
    vertex -4.96686 -7.50535 2.65996
  endloop
endfacet
facet normal 0.770855 0.636942 -0.00935923
  outer loop
    vertex -6.36396 -6.36396 1.58887
    vertex -7.37672 -5.15596 0.384838
    vertex -7.50535 -4.96686 2.65996
  endloop
endfacet
facet normal 0.477482 0.878435 0.0190623
  outer loop
    vertex -3.32037 -8.36512 42.7675
    vertex -5.03183 -7.46195 44.0171
    vertex -3.80706 -8.15514 45.2822
  endloop
endfacet
facet normal 0.631692 0.775218 0.00125404
  outer loop
    vertex -6.30117 -6.42614 43.1031
    vertex -5.03183 -7.46195 44.0171
    vertex -5.00945 -7.47699 42.0428
  endloop
endfacet
facet normal 0.465881 0.884846 -0.00146087
  outer loop
    vertex -5.03183 -7.46195 44.0171
    vertex -3.32037 -8.36512 42.7675
    vertex -5.00945 -7.47699 42.0428
  endloop
endfacet
facet normal 0.873613 0.486161 0.0211446
  outer loop
    vertex -7.36318 -5.17529 44.02
    vertex -8.36512 -3.32037 42.7675
    vertex -8.15514 -3.80706 45.2822
  endloop
endfacet
facet normal 0.765285 0.643638 0.00833718
  outer loop
    vertex -7.36318 -5.17529 44.02
    vertex -6.30117 -6.42614 43.1031
    vertex -7.46056 -5.03389 42.0428
  endloop
endfacet
facet normal 0.882574 0.47007 -0.00985185
  outer loop
    vertex -8.36512 -3.32037 42.7675
    vertex -7.36318 -5.17529 44.02
    vertex -7.46056 -5.03389 42.0428
  endloop
endfacet
facet normal 0.873082 0.487554 -0.00431051
  outer loop
    vertex -8.194 -3.72267 3.90279
    vertex -7.4464 -5.05481 4.65233
    vertex -7.50535 -4.96686 2.65996
  endloop
endfacet
facet normal 0.487554 0.873082 -0.00431051
  outer loop
    vertex -5.05481 -7.4464 4.65233
    vertex -3.72267 -8.194 3.90279
    vertex -4.96686 -7.50535 2.65996
  endloop
endfacet
facet normal 0.946521 0.322642 0.000230355
  outer loop
    vertex -8.15514 -3.80706 45.2822
    vertex -8.78183 -1.96963 46.7856
    vertex -8.15707 -3.80293 47.4148
  endloop
endfacet
facet normal 0.946265 0.323391 -0.000792188
  outer loop
    vertex -8.78183 -1.96963 46.7856
    vertex -8.15514 -3.80706 45.2822
    vertex -8.77838 -1.98494 44.6538
  endloop
endfacet
facet normal 0.322642 0.946521 0.000230355
  outer loop
    vertex -1.96963 -8.78183 46.7856
    vertex -3.80706 -8.15514 45.2822
    vertex -3.80293 -8.15707 47.4148
  endloop
endfacet
facet normal 0.323391 0.946265 -0.000792188
  outer loop
    vertex -3.80706 -8.15514 45.2822
    vertex -1.96963 -8.78183 46.7856
    vertex -1.98494 -8.77838 44.6538
  endloop
endfacet
facet normal 0.107848 0.994145 0.00673932
  outer loop
    vertex -1.87748 -8.80199 6.55028
    vertex 0 -9 5.71429
    vertex -2.0195 -8.7705 4.17713
  endloop
endfacet
facet normal 0.302895 0.953008 -0.0054785
  outer loop
    vertex -3.48713 -8.29698 5.40458
    vertex -1.87748 -8.80199 6.55028
    vertex -2.0195 -8.7705 4.17713
  endloop
endfacet
facet normal 0.994145 0.107848 0.00673932
  outer loop
    vertex -9 0 5.71429
    vertex -8.80199 -1.87748 6.55028
    vertex -8.7705 -2.0195 4.17713
  endloop
endfacet
facet normal 0.953008 0.302895 -0.0054785
  outer loop
    vertex -8.80199 -1.87748 6.55028
    vertex -8.29698 -3.48713 5.40458
    vertex -8.7705 -2.0195 4.17713
  endloop
endfacet
facet normal 0.623062 0.780874 0.0450434
  outer loop
    vertex -5.70477 -6.961 50.899
    vertex -4.95408 -7.51379 50.0983
    vertex -6.36396 -6.36396 49.6669
  endloop
endfacet
facet normal 0.780874 0.623062 0.0450434
  outer loop
    vertex -7.51379 -4.95408 50.0983
    vertex -6.961 -5.70477 50.899
    vertex -6.36396 -6.36396 49.6669
  endloop
endfacet
facet normal 0.265186 0.963931 -0.0226645
  outer loop
    vertex -2.05346 -8.76261 48.9991
    vertex -3.24117 -8.39612 50.6892
    vertex -1.50397 -8.87345 50.7143
  endloop
endfacet
facet normal 0.963931 0.265186 -0.0226645
  outer loop
    vertex -8.39612 -3.24117 50.6892
    vertex -8.76261 -2.05346 48.9991
    vertex -8.87345 -1.50397 50.7143
  endloop
endfacet
facet normal 0.925667 0.377822 0.0197829
  outer loop
    vertex -8.05652 -4.01154 1.1873
    vertex -8.58654 -2.69655 0.87312
    vertex -8.35737 -3.33982 2.43546
  endloop
endfacet
facet normal 0.86175 0.507291 0.00655565
  outer loop
    vertex -8.05652 -4.01154 1.1873
    vertex -7.50535 -4.96686 2.65996
    vertex -7.37672 -5.15596 0.384838
  endloop
endfacet
facet normal 0.887286 0.459988 -0.0336869
  outer loop
    vertex -7.50535 -4.96686 2.65996
    vertex -8.05652 -4.01154 1.1873
    vertex -8.35737 -3.33982 2.43546
  endloop
endfacet
facet normal 0.377822 0.925667 0.0197829
  outer loop
    vertex -2.69655 -8.58654 0.87312
    vertex -4.01154 -8.05652 1.1873
    vertex -3.33982 -8.35737 2.43546
  endloop
endfacet
facet normal 0.507291 0.86175 0.00655565
  outer loop
    vertex -4.96686 -7.50535 2.65996
    vertex -4.01154 -8.05652 1.1873
    vertex -5.15596 -7.37672 0.384838
  endloop
endfacet
facet normal 0.459988 0.887286 -0.0336869
  outer loop
    vertex -4.01154 -8.05652 1.1873
    vertex -4.96686 -7.50535 2.65996
    vertex -3.33982 -8.35737 2.43546
  endloop
endfacet
facet normal 0.877165 0.480173 0.00400736
  outer loop
    vertex -8.29698 -3.48713 5.40458
    vertex -8.26277 -3.56745 7.53907
    vertex -7.4355 -5.07083 6.59958
  endloop
endfacet
facet normal 0.480173 0.877165 0.00400736
  outer loop
    vertex -3.56745 -8.26277 7.53907
    vertex -3.48713 -8.29698 5.40458
    vertex -5.07083 -7.4355 6.59958
  endloop
endfacet
facet normal 0.994942 0.0979932 -0.0220897
  outer loop
    vertex -8.77706 -1.99079 -0.789915
    vertex -8.82707 -1.75581 -2
    vertex -9 0 -2
  endloop
endfacet
facet normal 0.994461 0.095622 0.0436249
  outer loop
    vertex -8.77706 -1.99079 -0.789915
    vertex -9 0 -0.0714286
    vertex -8.92007 -1.19683 0.729792
  endloop
endfacet
facet normal 0.993788 0.111291 0
  outer loop
    vertex -9 0 -0.0714286
    vertex -8.77706 -1.99079 -0.789915
    vertex -9 0 -2
  endloop
endfacet
facet normal 0.0979932 0.994942 -0.0220897
  outer loop
    vertex -1.75581 -8.82707 -2
    vertex -1.99079 -8.77706 -0.789915
    vertex 0 -9 -2
  endloop
endfacet
facet normal 0.095622 0.994461 0.0436249
  outer loop
    vertex 0 -9 -0.0714286
    vertex -1.99079 -8.77706 -0.789915
    vertex -1.19683 -8.92007 0.729792
  endloop
endfacet
facet normal 0.111291 0.993788 0
  outer loop
    vertex -1.99079 -8.77706 -0.789915
    vertex 0 -9 -0.0714286
    vertex 0 -9 -2
  endloop
endfacet
facet normal 0.638873 0.769306 -0.00314831
  outer loop
    vertex -6.36396 -6.36396 49.6669
    vertex -5.12656 -7.39719 48.2932
    vertex -6.30117 -6.42614 47.2153
  endloop
endfacet
facet normal 0.63393 0.773317 -0.0106179
  outer loop
    vertex -6.36396 -6.36396 49.6669
    vertex -4.95408 -7.51379 50.0983
    vertex -5.12656 -7.39719 48.2932
  endloop
endfacet
facet normal 0.765781 0.643093 0.00330344
  outer loop
    vertex -7.39719 -5.12656 48.2932
    vertex -6.36396 -6.36396 49.6669
    vertex -6.30117 -6.42614 47.2153
  endloop
endfacet
facet normal 0.773317 0.63393 -0.0106179
  outer loop
    vertex -7.51379 -4.95408 50.0983
    vertex -6.36396 -6.36396 49.6669
    vertex -7.39719 -5.12656 48.2932
  endloop
endfacet
facet normal 0.766316 0.642464 -1.65425e-13
  outer loop
    vertex -6.36396 -6.36396 -0.596217
    vertex -7.37672 -5.15596 0.384838
    vertex -6.36396 -6.36396 1.58887
  endloop
endfacet
facet normal 0.642464 0.766316 1.65413e-13
  outer loop
    vertex -5.15596 -7.37672 0.384838
    vertex -6.36396 -6.36396 -0.596217
    vertex -6.36396 -6.36396 1.58887
  endloop
endfacet
facet normal 0.323812 0.946113 0.00404716
  outer loop
    vertex -2.05346 -8.76261 48.9991
    vertex -1.96963 -8.78183 46.7856
    vertex -3.80293 -8.15707 47.4148
  endloop
endfacet
facet normal 0.946113 0.323812 0.00404716
  outer loop
    vertex -8.78183 -1.96963 46.7856
    vertex -8.76261 -2.05346 48.9991
    vertex -8.15707 -3.80293 47.4148
  endloop
endfacet
facet normal 0.638049 0.769996 5.26181e-14
  outer loop
    vertex -5.07083 -7.4355 6.59958
    vertex -6.36396 -6.36396 5.73439
    vertex -6.36396 -6.36396 7.60891
  endloop
endfacet
facet normal 0.769996 0.638049 -5.33178e-14
  outer loop
    vertex -6.36396 -6.36396 5.73439
    vertex -7.4355 -5.07083 6.59958
    vertex -6.36396 -6.36396 7.60891
  endloop
endfacet
facet normal 0.864143 0.502867 0.019539
  outer loop
    vertex -7.25042 -5.33211 40.4243
    vertex -8.23975 -3.62029 40.1225
    vertex -7.46056 -5.03389 42.0428
  endloop
endfacet
facet normal 0.502694 0.864224 0.0203765
  outer loop
    vertex -3.62029 -8.23975 40.1225
    vertex -5.32736 -7.25391 40.4243
    vertex -5.00945 -7.47699 42.0428
  endloop
endfacet
facet normal 0.99443 0.105398 0
  outer loop
    vertex -9 0 21.1429
    vertex -8.80004 -1.88659 20.6165
    vertex -9 0 19.2143
  endloop
endfacet
facet normal 0.105398 0.99443 0
  outer loop
    vertex -1.88659 -8.80004 20.6165
    vertex 0 -9 21.1429
    vertex 0 -9 19.2143
  endloop
endfacet
facet normal 0.767487 0.640989 0.00985692
  outer loop
    vertex -7.3977 -5.12582 20.9848
    vertex -6.29158 -6.43553 20.0287
    vertex -7.51754 -4.94839 18.7779
  endloop
endfacet
facet normal 0.876913 0.480565 -0.00898268
  outer loop
    vertex -8.26169 -3.56993 19.8779
    vertex -7.3977 -5.12582 20.9848
    vertex -7.51754 -4.94839 18.7779
  endloop
endfacet
facet normal 0.623695 0.781668 0.000384315
  outer loop
    vertex -6.29158 -6.43553 20.0287
    vertex -4.88132 -7.56127 21.0174
    vertex -4.87414 -7.5659 18.7833
  endloop
endfacet
facet normal 0.470911 0.882181 -0.000314923
  outer loop
    vertex -4.88132 -7.56127 21.0174
    vertex -3.56993 -8.26169 19.8779
    vertex -4.87414 -7.5659 18.7833
  endloop
endfacet
facet normal 0.995467 0.0951089 0
  outer loop
    vertex -8.83718 -1.7042 25.5018
    vertex -9 0 25
    vertex -9 0 26.9286
  endloop
endfacet
facet normal 0.959483 0.281594 0.00988229
  outer loop
    vertex -8.83718 -1.7042 25.5018
    vertex -8.40824 -3.20959 26.7517
    vertex -8.31492 -3.44415 24.3744
  endloop
endfacet
facet normal 0.961867 0.273516 -0.000665193
  outer loop
    vertex -8.83916 -1.69387 26.8778
    vertex -8.40824 -3.20959 26.7517
    vertex -8.83718 -1.7042 25.5018
  endloop
endfacet
facet normal 0.995524 0.0945056 0.000727235
  outer loop
    vertex -9 0 26.9286
    vertex -8.83916 -1.69387 26.8778
    vertex -8.83718 -1.7042 25.5018
  endloop
endfacet
facet normal 0.0951089 0.995467 -0
  outer loop
    vertex 0 -9 25
    vertex -1.7042 -8.83718 25.5018
    vertex 0 -9 26.9286
  endloop
endfacet
facet normal 0.281594 0.959483 0.00988229
  outer loop
    vertex -3.20959 -8.40824 26.7517
    vertex -1.7042 -8.83718 25.5018
    vertex -3.44415 -8.31492 24.3744
  endloop
endfacet
facet normal 0.273516 0.961867 -0.000665193
  outer loop
    vertex -3.20959 -8.40824 26.7517
    vertex -1.69387 -8.83916 26.8778
    vertex -1.7042 -8.83718 25.5018
  endloop
endfacet
facet normal 0.0945056 0.995524 0.000727235
  outer loop
    vertex -1.69387 -8.83916 26.8778
    vertex 0 -9 26.9286
    vertex -1.7042 -8.83718 25.5018
  endloop
endfacet
facet normal 0.772633 0.634837 0.00441621
  outer loop
    vertex -7.50575 -4.96626 25.5362
    vertex -6.36396 -6.36396 26.6977
    vertex -6.29158 -6.43553 24.3222
  endloop
endfacet
facet normal 0.886349 0.46289 -0.010876
  outer loop
    vertex -8.40824 -3.20959 26.7517
    vertex -7.50575 -4.96626 25.5362
    vertex -8.31492 -3.44415 24.3744
  endloop
endfacet
facet normal 0.630559 0.77613 -0.00416962
  outer loop
    vertex -6.36396 -6.36396 26.6977
    vertex -4.96626 -7.50575 25.5362
    vertex -6.29158 -6.43553 24.3222
  endloop
endfacet
facet normal 0.46289 0.886349 -0.010876
  outer loop
    vertex -4.96626 -7.50575 25.5362
    vertex -3.20959 -8.40824 26.7517
    vertex -3.44415 -8.31492 24.3744
  endloop
endfacet
facet normal 0.637591 0.770374 -0.000989261
  outer loop
    vertex -6.36396 -6.36396 7.60891
    vertex -5.05414 -7.44685 8.51376
    vertex -5.07083 -7.4355 6.59958
  endloop
endfacet
facet normal 0.48162 0.876379 0.000999122
  outer loop
    vertex -5.07083 -7.4355 6.59958
    vertex -5.05414 -7.44685 8.51376
    vertex -3.56745 -8.26277 7.53907
  endloop
endfacet
facet normal 0.770374 0.637591 -0.000989261
  outer loop
    vertex -7.44685 -5.05414 8.51376
    vertex -6.36396 -6.36396 7.60891
    vertex -7.4355 -5.07083 6.59958
  endloop
endfacet
facet normal 0.876379 0.48162 0.000999122
  outer loop
    vertex -7.44685 -5.05414 8.51376
    vertex -7.4355 -5.07083 6.59958
    vertex -8.26277 -3.56745 7.53907
  endloop
endfacet
facet normal 0.45948 0.887829 0.0252703
  outer loop
    vertex -3.11723 -8.44292 38.1136
    vertex -5.02356 -7.46752 38.5066
    vertex -3.62029 -8.23975 40.1225
  endloop
endfacet
facet normal 0.497665 0.867187 -0.0177545
  outer loop
    vertex -5.32736 -7.25391 40.4243
    vertex -3.62029 -8.23975 40.1225
    vertex -5.02356 -7.46752 38.5066
  endloop
endfacet
facet normal 0.887829 0.45948 0.0252703
  outer loop
    vertex -7.46752 -5.02356 38.5066
    vertex -8.44292 -3.11723 38.1136
    vertex -8.23975 -3.62029 40.1225
  endloop
endfacet
facet normal 0.867038 0.497915 -0.018043
  outer loop
    vertex -8.23975 -3.62029 40.1225
    vertex -7.25042 -5.33211 40.4243
    vertex -7.46752 -5.02356 38.5066
  endloop
endfacet
facet normal 0.993825 0.11096 -0
  outer loop
    vertex -9 0 44.2857
    vertex -9 0 46.2143
    vertex -8.77838 -1.98494 44.6538
  endloop
endfacet
facet normal 0.993895 0.110327 0.000815232
  outer loop
    vertex -8.77838 -1.98494 44.6538
    vertex -9 0 46.2143
    vertex -8.78183 -1.96963 46.7856
  endloop
endfacet
facet normal 0.11096 0.993825 0
  outer loop
    vertex 0 -9 46.2143
    vertex 0 -9 44.2857
    vertex -1.98494 -8.77838 44.6538
  endloop
endfacet
facet normal 0.110327 0.993895 0.000815232
  outer loop
    vertex 0 -9 46.2143
    vertex -1.98494 -8.77838 44.6538
    vertex -1.96963 -8.78183 46.7856
  endloop
endfacet
facet normal 0.493185 0.869924 -0.000803379
  outer loop
    vertex -5.05006 -7.44963 46.1722
    vertex -3.80706 -8.15514 45.2822
    vertex -5.03183 -7.46195 44.0171
  endloop
endfacet
facet normal 0.864081 0.503341 -0.00345978
  outer loop
    vertex -8.15514 -3.80706 45.2822
    vertex -7.31511 -5.24302 46.1727
    vertex -7.36318 -5.17529 44.02
  endloop
endfacet
facet normal 0.0961252 0.995369 -0
  outer loop
    vertex 0 -9 38.5
    vertex -1.72224 -8.83368 39.1523
    vertex 0 -9 40.4286
  endloop
endfacet
facet normal 0.286874 0.957642 -0.0250108
  outer loop
    vertex -3.62029 -8.23975 40.1225
    vertex -1.72224 -8.83368 39.1523
    vertex -3.11723 -8.44292 38.1136
  endloop
endfacet
facet normal 0.298343 0.954459 -0.000627895
  outer loop
    vertex -3.62029 -8.23975 40.1225
    vertex -1.71097 -8.83587 41.1791
    vertex -1.72224 -8.83368 39.1523
  endloop
endfacet
facet normal 0.0957262 0.995408 0.000543306
  outer loop
    vertex -1.71097 -8.83587 41.1791
    vertex 0 -9 40.4286
    vertex -1.72224 -8.83368 39.1523
  endloop
endfacet
facet normal 0.995369 0.0961252 0
  outer loop
    vertex -8.83368 -1.72224 39.1523
    vertex -9 0 38.5
    vertex -9 0 40.4286
  endloop
endfacet
facet normal 0.957642 0.286874 -0.0250108
  outer loop
    vertex -8.83368 -1.72224 39.1523
    vertex -8.23975 -3.62029 40.1225
    vertex -8.44292 -3.11723 38.1136
  endloop
endfacet
facet normal 0.954459 0.298343 -0.000627895
  outer loop
    vertex -8.83587 -1.71097 41.1791
    vertex -8.23975 -3.62029 40.1225
    vertex -8.83368 -1.72224 39.1523
  endloop
endfacet
facet normal 0.995408 0.0957262 0.000543306
  outer loop
    vertex -9 0 40.4286
    vertex -8.83587 -1.71097 41.1791
    vertex -8.83368 -1.72224 39.1523
  endloop
endfacet
facet normal 0.871911 0.488454 -0.0344134
  outer loop
    vertex -8.32758 -3.41341 34.9042
    vertex -7.32003 -5.23614 34.5606
    vertex -7.90887 -4.29532 32.9953
  endloop
endfacet
facet normal 0.488454 0.871911 -0.0344134
  outer loop
    vertex -5.23614 -7.32003 34.5606
    vertex -3.41341 -8.32758 34.9042
    vertex -4.29532 -7.90887 32.9953
  endloop
endfacet
facet normal 0.99714 0.0755793 0
  outer loop
    vertex -9 0 34.6429
    vertex -8.89718 -1.35654 34.3286
    vertex -9 0 32.7143
  endloop
endfacet
facet normal 0.0755793 0.99714 0
  outer loop
    vertex -1.35654 -8.89718 34.3286
    vertex 0 -9 34.6429
    vertex 0 -9 32.7143
  endloop
endfacet
facet normal 0.876178 0.481934 -0.00724228
  outer loop
    vertex -7.44707 -5.05383 29.8616
    vertex -8.22908 -3.64449 29.0373
    vertex -8.29176 -3.49952 31.1
  endloop
endfacet
facet normal 0.87501 0.484099 -0.00243314
  outer loop
    vertex -7.47855 -5.00713 27.8325
    vertex -8.22908 -3.64449 29.0373
    vertex -7.44707 -5.05383 29.8616
  endloop
endfacet
facet normal 0.771645 0.636048 0.00266745
  outer loop
    vertex -6.36396 -6.36396 28.9369
    vertex -7.47855 -5.00713 27.8325
    vertex -7.44707 -5.05383 29.8616
  endloop
endfacet
facet normal 0.481934 0.876178 -0.00724228
  outer loop
    vertex -3.64449 -8.22908 29.0373
    vertex -5.05383 -7.44707 29.8616
    vertex -3.49952 -8.29176 31.1
  endloop
endfacet
facet normal 0.484099 0.87501 -0.00243314
  outer loop
    vertex -3.64449 -8.22908 29.0373
    vertex -5.00713 -7.47855 27.8325
    vertex -5.05383 -7.44707 29.8616
  endloop
endfacet
facet normal 0.636048 0.771645 0.00266745
  outer loop
    vertex -5.00713 -7.47855 27.8325
    vertex -6.36396 -6.36396 28.9369
    vertex -5.05383 -7.44707 29.8616
  endloop
endfacet
facet normal 0.635604 0.772016 -1.50325e-14
  outer loop
    vertex -5.02356 -7.46752 38.5066
    vertex -6.36396 -6.36396 37.2814
    vertex -6.36396 -6.36396 39.4678
  endloop
endfacet
facet normal 0.638815 0.769337 -0.00592548
  outer loop
    vertex -5.13806 -7.3892 36.3306
    vertex -6.36396 -6.36396 37.2814
    vertex -5.02356 -7.46752 38.5066
  endloop
endfacet
facet normal 0.448187 0.892944 -0.0421932
  outer loop
    vertex -5.02356 -7.46752 38.5066
    vertex -3.11723 -8.44292 38.1136
    vertex -3.73033 -8.19052 36.9426
  endloop
endfacet
facet normal 0.492922 0.870057 0.00537646
  outer loop
    vertex -3.73033 -8.19052 36.9426
    vertex -5.13806 -7.3892 36.3306
    vertex -5.02356 -7.46752 38.5066
  endloop
endfacet
facet normal 0.772016 0.635604 1.56079e-14
  outer loop
    vertex -6.36396 -6.36396 37.2814
    vertex -7.46752 -5.02356 38.5066
    vertex -6.36396 -6.36396 39.4678
  endloop
endfacet
facet normal 0.769337 0.638815 -0.00592548
  outer loop
    vertex -6.36396 -6.36396 37.2814
    vertex -7.3892 -5.13806 36.3306
    vertex -7.46752 -5.02356 38.5066
  endloop
endfacet
facet normal 0.892944 0.448187 -0.0421932
  outer loop
    vertex -8.44292 -3.11723 38.1136
    vertex -7.46752 -5.02356 38.5066
    vertex -8.19052 -3.73033 36.9426
  endloop
endfacet
facet normal 0.870057 0.492922 0.00537646
  outer loop
    vertex -7.3892 -5.13806 36.3306
    vertex -8.19052 -3.73033 36.9426
    vertex -7.46752 -5.02356 38.5066
  endloop
endfacet
facet normal 0.321609 0.946783 -0.0130223
  outer loop
    vertex -3.64449 -8.22908 29.0373
    vertex -2.23318 -8.71854 28.3059
    vertex -3.20959 -8.40824 26.7517
  endloop
endfacet
facet normal 0.271758 0.962128 0.0213605
  outer loop
    vertex -1.69387 -8.83916 26.8778
    vertex -3.20959 -8.40824 26.7517
    vertex -2.23318 -8.71854 28.3059
  endloop
endfacet
facet normal 0.946783 0.321609 -0.0130223
  outer loop
    vertex -8.71854 -2.23318 28.3059
    vertex -8.22908 -3.64449 29.0373
    vertex -8.40824 -3.20959 26.7517
  endloop
endfacet
facet normal 0.962128 0.271758 0.0213605
  outer loop
    vertex -8.40824 -3.20959 26.7517
    vertex -8.83916 -1.69387 26.8778
    vertex -8.71854 -2.23318 28.3059
  endloop
endfacet
facet normal 0.996357 0.0852754 0
  outer loop
    vertex -8.86911 -1.52937 31.4749
    vertex -9 0 30.7857
    vertex -9 0 32.7143
  endloop
endfacet
facet normal 0.0852754 0.996357 -0
  outer loop
    vertex 0 -9 30.7857
    vertex -1.52937 -8.86911 31.4749
    vertex 0 -9 32.7143
  endloop
endfacet
facet normal 0.995205 0.0978116 0
  outer loop
    vertex -9 0 38.5
    vertex -8.82779 -1.75217 36.6126
    vertex -9 0 36.5714
  endloop
endfacet
facet normal 0.995326 0.0965639 0.00116937
  outer loop
    vertex -9 0 38.5
    vertex -8.83368 -1.72224 39.1523
    vertex -8.82779 -1.75217 36.6126
  endloop
endfacet
facet normal 0.949019 0.312553 0.0409097
  outer loop
    vertex -8.19052 -3.73033 36.9426
    vertex -8.82779 -1.75217 36.6126
    vertex -8.44292 -3.11723 38.1136
  endloop
endfacet
facet normal 0.962749 0.270393 -0.000954439
  outer loop
    vertex -8.83368 -1.72224 39.1523
    vertex -8.44292 -3.11723 38.1136
    vertex -8.82779 -1.75217 36.6126
  endloop
endfacet
facet normal 0.0978116 0.995205 0
  outer loop
    vertex -1.75217 -8.82779 36.6126
    vertex 0 -9 38.5
    vertex 0 -9 36.5714
  endloop
endfacet
facet normal 0.0965639 0.995326 0.00116937
  outer loop
    vertex -1.72224 -8.83368 39.1523
    vertex 0 -9 38.5
    vertex -1.75217 -8.82779 36.6126
  endloop
endfacet
facet normal 0.312553 0.949019 0.0409097
  outer loop
    vertex -1.75217 -8.82779 36.6126
    vertex -3.73033 -8.19052 36.9426
    vertex -3.11723 -8.44292 38.1136
  endloop
endfacet
facet normal 0.270393 0.962749 -0.000954439
  outer loop
    vertex -3.11723 -8.44292 38.1136
    vertex -1.72224 -8.83368 39.1523
    vertex -1.75217 -8.82779 36.6126
  endloop
endfacet
facet normal 0.0978116 0.995205 -0
  outer loop
    vertex 0 -9 34.6429
    vertex -1.75217 -8.82779 36.6126
    vertex 0 -9 36.5714
  endloop
endfacet
facet normal 0.0793757 0.996708 -0.0165305
  outer loop
    vertex 0 -9 34.6429
    vertex -1.35654 -8.89718 34.3286
    vertex -1.75217 -8.82779 36.6126
  endloop
endfacet
facet normal 0.304055 0.952507 -0.016773
  outer loop
    vertex -3.73033 -8.19052 36.9426
    vertex -1.75217 -8.82779 36.6126
    vertex -3.41341 -8.32758 34.9042
  endloop
endfacet
facet normal 0.271457 0.962286 0.0177871
  outer loop
    vertex -1.35654 -8.89718 34.3286
    vertex -3.41341 -8.32758 34.9042
    vertex -1.75217 -8.82779 36.6126
  endloop
endfacet
facet normal 0.995205 0.0978116 0
  outer loop
    vertex -8.82779 -1.75217 36.6126
    vertex -9 0 34.6429
    vertex -9 0 36.5714
  endloop
endfacet
facet normal 0.996708 0.0793757 -0.0165305
  outer loop
    vertex -8.89718 -1.35654 34.3286
    vertex -9 0 34.6429
    vertex -8.82779 -1.75217 36.6126
  endloop
endfacet
facet normal 0.952507 0.304055 -0.016773
  outer loop
    vertex -8.82779 -1.75217 36.6126
    vertex -8.19052 -3.73033 36.9426
    vertex -8.32758 -3.41341 34.9042
  endloop
endfacet
facet normal 0.962286 0.271457 0.0177871
  outer loop
    vertex -8.32758 -3.41341 34.9042
    vertex -8.89718 -1.35654 34.3286
    vertex -8.82779 -1.75217 36.6126
  endloop
endfacet
facet normal 0.99645 0.0841901 0
  outer loop
    vertex -9 0 25
    vertex -8.87242 -1.51004 23.0981
    vertex -9 0 23.0714
  endloop
endfacet
facet normal 0.995637 0.0930401 -0.00708111
  outer loop
    vertex -9 0 25
    vertex -8.83718 -1.7042 25.5018
    vertex -8.87242 -1.51004 23.0981
  endloop
endfacet
facet normal 0.961384 0.275194 -0.00291212
  outer loop
    vertex -8.33893 -3.38559 21.9798
    vertex -8.87242 -1.51004 23.0981
    vertex -8.31492 -3.44415 24.3744
  endloop
endfacet
facet normal 0.959293 0.282279 0.00873734
  outer loop
    vertex -8.83718 -1.7042 25.5018
    vertex -8.31492 -3.44415 24.3744
    vertex -8.87242 -1.51004 23.0981
  endloop
endfacet
facet normal 0.0841901 0.99645 0
  outer loop
    vertex -1.51004 -8.87242 23.0981
    vertex 0 -9 25
    vertex 0 -9 23.0714
  endloop
endfacet
facet normal 0.0930401 0.995637 -0.00708111
  outer loop
    vertex -1.7042 -8.83718 25.5018
    vertex 0 -9 25
    vertex -1.51004 -8.87242 23.0981
  endloop
endfacet
facet normal 0.275194 0.961384 -0.00291212
  outer loop
    vertex -1.51004 -8.87242 23.0981
    vertex -3.38559 -8.33893 21.9798
    vertex -3.44415 -8.31492 24.3744
  endloop
endfacet
facet normal 0.282279 0.959293 0.00873734
  outer loop
    vertex -3.44415 -8.31492 24.3744
    vertex -1.7042 -8.83718 25.5018
    vertex -1.51004 -8.87242 23.0981
  endloop
endfacet
facet normal 0.99645 0.0841901 0
  outer loop
    vertex -8.87242 -1.51004 23.0981
    vertex -9 0 21.1429
    vertex -9 0 23.0714
  endloop
endfacet
facet normal 0.994729 0.101638 0.0135874
  outer loop
    vertex -8.80004 -1.88659 20.6165
    vertex -9 0 21.1429
    vertex -8.87242 -1.51004 23.0981
  endloop
endfacet
facet normal 0.0841901 0.99645 -0
  outer loop
    vertex 0 -9 21.1429
    vertex -1.51004 -8.87242 23.0981
    vertex 0 -9 23.0714
  endloop
endfacet
facet normal 0.101638 0.994729 0.0135874
  outer loop
    vertex 0 -9 21.1429
    vertex -1.88659 -8.80004 20.6165
    vertex -1.51004 -8.87242 23.0981
  endloop
endfacet
facet normal 0.995976 0.0896216 0
  outer loop
    vertex -8.85542 -1.6067 16.847
    vertex -9 0 15.3571
    vertex -9 0 17.2857
  endloop
endfacet
facet normal 0.995706 0.0925133 0.00314451
  outer loop
    vertex -8.84151 -1.68156 14.645
    vertex -9 0 15.3571
    vertex -8.85542 -1.6067 16.847
  endloop
endfacet
facet normal 0.960411 0.278581 -0.00148639
  outer loop
    vertex -8.85542 -1.6067 16.847
    vertex -8.33582 -3.39324 17.7446
    vertex -8.34733 -3.36482 15.6322
  endloop
endfacet
facet normal 0.960043 0.279831 -0.0034487
  outer loop
    vertex -8.34733 -3.36482 15.6322
    vertex -8.84151 -1.68156 14.645
    vertex -8.85542 -1.6067 16.847
  endloop
endfacet
facet normal 0.0896216 0.995976 -0
  outer loop
    vertex 0 -9 15.3571
    vertex -1.6067 -8.85542 16.847
    vertex 0 -9 17.2857
  endloop
endfacet
facet normal 0.0925133 0.995706 0.00314451
  outer loop
    vertex 0 -9 15.3571
    vertex -1.68156 -8.84151 14.645
    vertex -1.6067 -8.85542 16.847
  endloop
endfacet
facet normal 0.278581 0.960411 -0.00148639
  outer loop
    vertex -3.39324 -8.33582 17.7446
    vertex -1.6067 -8.85542 16.847
    vertex -3.36482 -8.34733 15.6322
  endloop
endfacet
facet normal 0.279831 0.960043 -0.0034487
  outer loop
    vertex -1.68156 -8.84151 14.645
    vertex -3.36482 -8.34733 15.6322
    vertex -1.6067 -8.85542 16.847
  endloop
endfacet
facet normal 0.995588 0.0938339 0
  outer loop
    vertex -8.84151 -1.68156 14.645
    vertex -9 0 13.4286
    vertex -9 0 15.3571
  endloop
endfacet
facet normal 0.995152 0.0981651 0.00604431
  outer loop
    vertex -8.81214 -1.82927 12.2074
    vertex -9 0 13.4286
    vertex -8.84151 -1.68156 14.645
  endloop
endfacet
facet normal 0.958982 0.283449 0.00325066
  outer loop
    vertex -8.84151 -1.68156 14.645
    vertex -8.34733 -3.36482 15.6322
    vertex -8.32227 -3.42634 13.6026
  endloop
endfacet
facet normal 0.957465 0.28849 -0.0059433
  outer loop
    vertex -8.32227 -3.42634 13.6026
    vertex -8.81214 -1.82927 12.2074
    vertex -8.84151 -1.68156 14.645
  endloop
endfacet
facet normal 0.0938339 0.995588 -0
  outer loop
    vertex 0 -9 13.4286
    vertex -1.68156 -8.84151 14.645
    vertex 0 -9 15.3571
  endloop
endfacet
facet normal 0.0981651 0.995152 0.00604431
  outer loop
    vertex 0 -9 13.4286
    vertex -1.82927 -8.81214 12.2074
    vertex -1.68156 -8.84151 14.645
  endloop
endfacet
facet normal 0.283449 0.958982 0.00325066
  outer loop
    vertex -3.36482 -8.34733 15.6322
    vertex -1.68156 -8.84151 14.645
    vertex -3.42634 -8.32227 13.6026
  endloop
endfacet
facet normal 0.28849 0.957465 -0.0059433
  outer loop
    vertex -1.82927 -8.81214 12.2074
    vertex -3.42634 -8.32227 13.6026
    vertex -1.68156 -8.84151 14.645
  endloop
endfacet
facet normal 0.994768 0.102161 0
  outer loop
    vertex -8.81214 -1.82927 12.2074
    vertex -9 0 11.5
    vertex -9 0 13.4286
  endloop
endfacet
facet normal 0.953478 0.301292 0.0101111
  outer loop
    vertex -8.81214 -1.82927 12.2074
    vertex -8.32227 -3.42634 13.6026
    vertex -8.23293 -3.63577 11.4185
  endloop
endfacet
facet normal 0.102161 0.994768 -0
  outer loop
    vertex 0 -9 11.5
    vertex -1.82927 -8.81214 12.2074
    vertex 0 -9 13.4286
  endloop
endfacet
facet normal 0.301292 0.953478 0.0101111
  outer loop
    vertex -3.42634 -8.32227 13.6026
    vertex -1.82927 -8.81214 12.2074
    vertex -3.63577 -8.23293 11.4185
  endloop
endfacet
facet normal 0.0954901 0.99543 0
  outer loop
    vertex -1.71097 -8.83587 41.1791
    vertex 0 -9 42.3571
    vertex 0 -9 40.4286
  endloop
endfacet
facet normal 0.0852303 0.996248 0.0150147
  outer loop
    vertex -1.42894 -8.88584 42.8937
    vertex 0 -9 42.3571
    vertex -1.71097 -8.83587 41.1791
  endloop
endfacet
facet normal 0.291827 0.956393 0.0122392
  outer loop
    vertex -1.71097 -8.83587 41.1791
    vertex -3.62029 -8.23975 40.1225
    vertex -3.32037 -8.36512 42.7675
  endloop
endfacet
facet normal 0.266374 0.963741 -0.0157279
  outer loop
    vertex -3.32037 -8.36512 42.7675
    vertex -1.42894 -8.88584 42.8937
    vertex -1.71097 -8.83587 41.1791
  endloop
endfacet
facet normal 0.99543 0.0954901 0
  outer loop
    vertex -9 0 42.3571
    vertex -8.83587 -1.71097 41.1791
    vertex -9 0 40.4286
  endloop
endfacet
facet normal 0.996248 0.0852303 0.0150147
  outer loop
    vertex -9 0 42.3571
    vertex -8.88584 -1.42894 42.8937
    vertex -8.83587 -1.71097 41.1791
  endloop
endfacet
facet normal 0.956393 0.291827 0.0122392
  outer loop
    vertex -8.23975 -3.62029 40.1225
    vertex -8.83587 -1.71097 41.1791
    vertex -8.36512 -3.32037 42.7675
  endloop
endfacet
facet normal 0.963741 0.266374 -0.0157279
  outer loop
    vertex -8.88584 -1.42894 42.8937
    vertex -8.36512 -3.32037 42.7675
    vertex -8.83587 -1.71097 41.1791
  endloop
endfacet
facet normal 0.104069 0.99457 -0
  outer loop
    vertex 0 -9 7.64286
    vertex -1.86306 -8.80505 8.79882
    vertex 0 -9 9.57143
  endloop
endfacet
facet normal 0.99457 0.104069 0
  outer loop
    vertex -8.80505 -1.86306 8.79882
    vertex -9 0 7.64286
    vertex -9 0 9.57143
  endloop
endfacet
facet normal 0.0796385 0.996824 0
  outer loop
    vertex -1.42894 -8.88584 42.8937
    vertex 0 -9 44.2857
    vertex 0 -9 42.3571
  endloop
endfacet
facet normal 0.105932 0.994001 -0.0272221
  outer loop
    vertex 0 -9 44.2857
    vertex -1.42894 -8.88584 42.8937
    vertex -1.98494 -8.77838 44.6538
  endloop
endfacet
facet normal 0.263834 0.964258 0.0244743
  outer loop
    vertex -1.42894 -8.88584 42.8937
    vertex -3.32037 -8.36512 42.7675
    vertex -1.98494 -8.77838 44.6538
  endloop
endfacet
facet normal 0.996824 0.0796385 0
  outer loop
    vertex -9 0 44.2857
    vertex -8.88584 -1.42894 42.8937
    vertex -9 0 42.3571
  endloop
endfacet
facet normal 0.994001 0.105932 -0.0272221
  outer loop
    vertex -8.88584 -1.42894 42.8937
    vertex -9 0 44.2857
    vertex -8.77838 -1.98494 44.6538
  endloop
endfacet
facet normal 0.964258 0.263834 0.0244743
  outer loop
    vertex -8.36512 -3.32037 42.7675
    vertex -8.88584 -1.42894 42.8937
    vertex -8.77838 -1.98494 44.6538
  endloop
endfacet
facet normal 0.104883 0.994485 0
  outer loop
    vertex -1.87748 -8.80199 6.55028
    vertex 0 -9 7.64286
    vertex 0 -9 5.71429
  endloop
endfacet
facet normal 0.104489 0.994526 0.000684856
  outer loop
    vertex 0 -9 7.64286
    vertex -1.87748 -8.80199 6.55028
    vertex -1.86306 -8.80505 8.79882
  endloop
endfacet
facet normal 0.30189 0.953335 -0.00392244
  outer loop
    vertex -3.56745 -8.26277 7.53907
    vertex -1.87748 -8.80199 6.55028
    vertex -3.48713 -8.29698 5.40458
  endloop
endfacet
facet normal 0.303631 0.952789 -0.000649075
  outer loop
    vertex -1.86306 -8.80505 8.79882
    vertex -1.87748 -8.80199 6.55028
    vertex -3.56745 -8.26277 7.53907
  endloop
endfacet
facet normal 0.994485 0.104883 0
  outer loop
    vertex -9 0 7.64286
    vertex -8.80199 -1.87748 6.55028
    vertex -9 0 5.71429
  endloop
endfacet
facet normal 0.994526 0.104489 0.000684856
  outer loop
    vertex -8.80199 -1.87748 6.55028
    vertex -9 0 7.64286
    vertex -8.80505 -1.86306 8.79882
  endloop
endfacet
facet normal 0.953335 0.30189 -0.00392244
  outer loop
    vertex -8.80199 -1.87748 6.55028
    vertex -8.26277 -3.56745 7.53907
    vertex -8.29698 -3.48713 5.40458
  endloop
endfacet
facet normal 0.952789 0.303631 -0.000649075
  outer loop
    vertex -8.80199 -1.87748 6.55028
    vertex -8.80505 -1.86306 8.79882
    vertex -8.26277 -3.56745 7.53907
  endloop
endfacet
facet normal 0.467595 0.883937 -0.00325801
  outer loop
    vertex -3.42634 -8.32227 13.6026
    vertex -4.97835 -7.49774 14.562
    vertex -3.36482 -8.34733 15.6322
  endloop
endfacet
facet normal 0.469378 0.882997 0.000434581
  outer loop
    vertex -3.42634 -8.32227 13.6026
    vertex -4.98651 -7.49231 12.3532
    vertex -4.97835 -7.49774 14.562
  endloop
endfacet
facet normal 0.633475 0.773763 -0.000440113
  outer loop
    vertex -4.98651 -7.49231 12.3532
    vertex -6.36396 -6.36396 13.4768
    vertex -4.97835 -7.49774 14.562
  endloop
endfacet
facet normal 0.883794 0.467864 -0.00326794
  outer loop
    vertex -7.4947 -4.98291 14.5618
    vertex -8.32227 -3.42634 13.6026
    vertex -8.34733 -3.36482 15.6322
  endloop
endfacet
facet normal 0.882917 0.46953 0.000191809
  outer loop
    vertex -7.49231 -4.98651 12.3532
    vertex -8.32227 -3.42634 13.6026
    vertex -7.4947 -4.98291 14.5618
  endloop
endfacet
facet normal 0.773665 0.633595 -0.000193699
  outer loop
    vertex -6.36396 -6.36396 13.4768
    vertex -7.49231 -4.98651 12.3532
    vertex -7.4947 -4.98291 14.5618
