solid Created by Gmsh
facet normal 0.111108 0.993808 -0
  outer loop
    vertex 0 -12 41.7143
    vertex -2.65007 -11.7037 44.0377
    vertex 0 -12 44.2857
  endloop
endfacet
facet normal 0.993808 0.111108 0
  outer loop
    vertex -11.7037 -2.65007 44.0377
    vertex -12 0 41.7143
    vertex -12 0 44.2857
  endloop
endfacet
facet normal 0.885381 0.464415 -0.0204895
  outer loop
    vertex -11.1344 -4.47496 46.0757
    vertex -10.0199 -6.60316 45.9971
    vertex -10.8603 -5.10422 43.6553
  endloop
endfacet
facet normal 0.464415 0.885381 -0.0204895
  outer loop
    vertex -6.60316 -10.0199 45.9971
    vertex -4.47496 -11.1344 46.0757
    vertex -5.10422 -10.8603 43.6553
  endloop
endfacet
facet normal 0.280418 0.959529 0.0258807
  outer loop
    vertex -3.60379 -11.4461 48.1923
    vertex -2.35634 -11.7664 46.5513
    vertex -4.47496 -11.1344 46.0757
  endloop
endfacet
facet normal 0.959529 0.280418 0.0258807
  outer loop
    vertex -11.7664 -2.35634 46.5513
    vertex -11.4461 -3.60379 48.1923
    vertex -11.1344 -4.47496 46.0757
  endloop
endfacet
facet normal 0.104237 0.994552 0
  outer loop
    vertex -2.48806 -11.7392 4.87921
    vertex 0 -12 5.71429
    vertex 0 -12 3.14286
  endloop
endfacet
facet normal 0.0986621 0.995121 -0
  outer loop
    vertex 0 -12 44.2857
    vertex -2.35634 -11.7664 46.5513
    vertex 0 -12 46.8571
  endloop
endfacet
facet normal 0.109998 0.99386 0.0119198
  outer loop
    vertex -2.35634 -11.7664 46.5513
    vertex 0 -12 44.2857
    vertex -2.65007 -11.7037 44.0377
  endloop
endfacet
facet normal 0.994552 0.104237 0
  outer loop
    vertex -12 0 5.71429
    vertex -11.7392 -2.48806 4.87921
    vertex -12 0 3.14286
  endloop
endfacet
facet normal 0.995121 0.0986621 0
  outer loop
    vertex -11.7664 -2.35634 46.5513
    vertex -12 0 44.2857
    vertex -12 0 46.8571
  endloop
endfacet
facet normal 0.99386 0.109998 0.0119198
  outer loop
    vertex -12 0 44.2857
    vertex -11.7664 -2.35634 46.5513
    vertex -11.7037 -2.65007 44.0377
  endloop
endfacet
facet normal 0.21945 0.975339 -0.0235522
  outer loop
    vertex -2.35634 -11.7664 46.5513
    vertex -3.60379 -11.4461 48.1923
    vertex -1.60107 -11.8927 48.357
  endloop
endfacet
facet normal 0.975339 0.21945 -0.0235522
  outer loop
    vertex -11.4461 -3.60379 48.1923
    vertex -11.7664 -2.35634 46.5513
    vertex -11.8927 -1.60107 48.357
  endloop
endfacet
facet normal 0.631929 0.775027 -1.46033e-13
  outer loop
    vertex -6.60316 -10.0199 45.9971
    vertex -8.48528 -8.48528 45.269
    vertex -8.48528 -8.48528 47.4104
  endloop
endfacet
facet normal 0.775027 0.631929 1.46011e-13
  outer loop
    vertex -8.48528 -8.48528 45.269
    vertex -10.0199 -6.60316 45.9971
    vertex -8.48528 -8.48528 47.4104
  endloop
endfacet
facet normal 0.321625 0.946574 0.0235611
  outer loop
    vertex -4.47496 -11.1344 46.0757
    vertex -2.65007 -11.7037 44.0377
    vertex -5.10422 -10.8603 43.6553
  endloop
endfacet
facet normal 0.287852 0.957625 -0.00976702
  outer loop
    vertex -4.47496 -11.1344 46.0757
    vertex -2.35634 -11.7664 46.5513
    vertex -2.65007 -11.7037 44.0377
  endloop
endfacet
facet normal 0.946574 0.321625 0.0235611
  outer loop
    vertex -11.7037 -2.65007 44.0377
    vertex -11.1344 -4.47496 46.0757
    vertex -10.8603 -5.10422 43.6553
  endloop
endfacet
facet normal 0.957625 0.287852 -0.00976702
  outer loop
    vertex -11.7664 -2.35634 46.5513
    vertex -11.1344 -4.47496 46.0757
    vertex -11.7037 -2.65007 44.0377
  endloop
endfacet
facet normal 0.0668609 0.997762 -0
  outer loop
    vertex 0 -12 46.8571
    vertex -1.60107 -11.8927 48.357
    vertex 0 -12 49.4286
  endloop
endfacet
facet normal 0.0947636 0.995048 0.0299807
  outer loop
    vertex 0 -12 46.8571
    vertex -2.35634 -11.7664 46.5513
    vertex -1.60107 -11.8927 48.357
  endloop
endfacet
facet normal 0.997762 0.0668609 0
  outer loop
    vertex -11.8927 -1.60107 48.357
    vertex -12 0 46.8571
    vertex -12 0 49.4286
  endloop
endfacet
facet normal 0.995048 0.0947636 0.0299807
  outer loop
    vertex -11.7664 -2.35634 46.5513
    vertex -12 0 46.8571
    vertex -11.8927 -1.60107 48.357
  endloop
endfacet
facet normal 0.63668 0.771054 0.0106415
  outer loop
    vertex -8.48528 -8.48528 47.4104
    vertex -6.87418 -9.83593 48.8831
    vertex -6.60316 -10.0199 45.9971
  endloop
endfacet
facet normal 0.771054 0.63668 0.0106415
  outer loop
    vertex -9.83593 -6.87418 48.8831
    vertex -8.48528 -8.48528 47.4104
    vertex -10.0199 -6.60316 45.9971
  endloop
endfacet
facet normal 0.769752 0.638343 -6.11081e-14
  outer loop
    vertex -8.48528 -8.48528 11.7444
    vertex -8.48528 -8.48528 8.53896
    vertex -9.90884 -6.76868 9.89691
  endloop
endfacet
facet normal 0.638343 0.769752 6.18884e-14
  outer loop
    vertex -8.48528 -8.48528 8.53896
    vertex -8.48528 -8.48528 11.7444
    vertex -6.76868 -9.90884 9.89691
  endloop
endfacet
facet normal 0.513566 0.857796 0.0208701
  outer loop
    vertex -5.10422 -10.8603 43.6553
    vertex -7.16663 -9.62494 43.6294
    vertex -6.60316 -10.0199 45.9971
  endloop
endfacet
facet normal 0.857796 0.513566 0.0208701
  outer loop
    vertex -9.62494 -7.16663 43.6294
    vertex -10.8603 -5.10422 43.6553
    vertex -10.0199 -6.60316 45.9971
  endloop
endfacet
facet normal 0.878391 0.47794 0.00151204
  outer loop
    vertex -11.0735 -4.6235 8.44155
    vertex -11.06 -4.65583 10.7868
    vertex -9.90884 -6.76868 9.89691
  endloop
endfacet
facet normal 0.47794 0.878391 0.00151204
  outer loop
    vertex -4.65583 -11.06 10.7868
    vertex -4.6235 -11.0735 8.44155
    vertex -6.76868 -9.90884 9.89691
  endloop
endfacet
facet normal 0.908203 0.417609 0.0277465
  outer loop
    vertex -11.3861 -3.78897 0.0413958
    vertex -10.7044 -5.42358 2.33049
    vertex -10.2918 -6.17083 0.0705895
  endloop
endfacet
facet normal 0.417549 0.908232 0.0277154
  outer loop
    vertex -5.42358 -10.7044 2.33049
    vertex -3.78867 -11.3862 0.0418459
    vertex -6.16926 -10.2927 0.0732152
  endloop
endfacet
facet normal 0.926029 0.376984 -0.0187992
  outer loop
    vertex -11.4461 -3.60379 48.1923
    vertex -10.7407 -5.35138 47.8934
    vertex -11.1344 -4.47496 46.0757
  endloop
endfacet
facet normal 0.861756 0.507271 -0.00729237
  outer loop
    vertex -10.0199 -6.60316 45.9971
    vertex -10.7407 -5.35138 47.8934
    vertex -9.83593 -6.87418 48.8831
  endloop
endfacet
facet normal 0.885919 0.462785 0.0312579
  outer loop
    vertex -10.7407 -5.35138 47.8934
    vertex -10.0199 -6.60316 45.9971
    vertex -11.1344 -4.47496 46.0757
  endloop
endfacet
facet normal 0.376984 0.926029 -0.0187992
  outer loop
    vertex -5.35138 -10.7407 47.8934
    vertex -3.60379 -11.4461 48.1923
    vertex -4.47496 -11.1344 46.0757
  endloop
endfacet
facet normal 0.507271 0.861756 -0.00729237
  outer loop
    vertex -5.35138 -10.7407 47.8934
    vertex -6.60316 -10.0199 45.9971
    vertex -6.87418 -9.83593 48.8831
  endloop
endfacet
facet normal 0.462785 0.885919 0.0312579
  outer loop
    vertex -6.60316 -10.0199 45.9971
    vertex -5.35138 -10.7407 47.8934
    vertex -4.47496 -11.1344 46.0757
  endloop
endfacet
facet normal 0.944668 0.327512 -0.0184183
  outer loop
    vertex -11.5569 -3.23084 41.2416
    vertex -11.7037 -2.65007 44.0377
    vertex -10.8603 -5.10422 43.6553
  endloop
endfacet
facet normal 0.327512 0.944668 -0.0184183
  outer loop
    vertex -2.65007 -11.7037 44.0377
    vertex -3.23084 -11.5569 41.2416
    vertex -5.10422 -10.8603 43.6553
  endloop
endfacet
facet normal 0.631562 0.775325 -4.86563e-16
  outer loop
    vertex -8.48528 -8.48528 28.4727
    vertex -8.48528 -8.48528 30.2536
    vertex -6.59369 -10.0261 30.5308
  endloop
endfacet
facet normal 0.775325 0.631562 -9.16761e-16
  outer loop
    vertex -8.48528 -8.48528 30.2536
    vertex -8.48528 -8.48528 28.4727
    vertex -10.0261 -6.59369 30.5308
  endloop
endfacet
facet normal 0.994938 0.0979929 0.0222581
  outer loop
    vertex -11.7694 -2.34108 52
    vertex -11.7022 -2.65687 50.3845
    vertex -12 0 52
  endloop
endfacet
facet normal 0.994447 0.0957968 -0.0435642
  outer loop
    vertex -12 0 49.4286
    vertex -11.7022 -2.65687 50.3845
    vertex -11.8927 -1.60107 48.357
  endloop
endfacet
facet normal 0.993776 0.111396 0
  outer loop
    vertex -11.7022 -2.65687 50.3845
    vertex -12 0 49.4286
    vertex -12 0 52
  endloop
endfacet
facet normal 0.0979929 0.994938 0.0222581
  outer loop
    vertex -2.65687 -11.7022 50.3845
    vertex -2.34108 -11.7694 52
    vertex 0 -12 52
  endloop
endfacet
facet normal 0.0957968 0.994447 -0.0435642
  outer loop
    vertex -2.65687 -11.7022 50.3845
    vertex 0 -12 49.4286
    vertex -1.60107 -11.8927 48.357
  endloop
endfacet
facet normal 0.111396 0.993776 -0
  outer loop
    vertex 0 -12 49.4286
    vertex -2.65687 -11.7022 50.3845
    vertex 0 -12 52
  endloop
endfacet
facet normal 0.93581 0.35141 -0.0277472
  outer loop
    vertex -10.7044 -5.42358 2.33049
    vertex -11.3861 -3.78897 0.0413958
    vertex -11.6277 -2.96573 2.31834
  endloop
endfacet
facet normal 0.351409 0.935811 -0.0277486
  outer loop
    vertex -3.78867 -11.3862 0.0418459
    vertex -5.42358 -10.7044 2.33049
    vertex -2.96568 -11.6278 2.31841
  endloop
endfacet
facet normal 0.637114 0.770423 -0.0231069
  outer loop
    vertex -7.16663 -9.62494 43.6294
    vertex -8.48528 -8.48528 45.269
    vertex -6.60316 -10.0199 45.9971
  endloop
endfacet
facet normal 0.770423 0.637114 -0.0231069
  outer loop
    vertex -8.48528 -8.48528 45.269
    vertex -9.62494 -7.16663 43.6294
    vertex -10.0199 -6.60316 45.9971
  endloop
endfacet
facet normal 0.76633 0.642447 1.68544e-13
  outer loop
    vertex -9.83593 -6.87418 48.8831
    vertex -8.48528 -8.48528 50.1237
    vertex -8.48528 -8.48528 47.4104
  endloop
endfacet
facet normal 0.642447 0.76633 -1.69519e-13
  outer loop
    vertex -8.48528 -8.48528 50.1237
    vertex -6.87418 -9.83593 48.8831
    vertex -8.48528 -8.48528 47.4104
  endloop
endfacet
facet normal 0.118744 0.992701 0.021066
  outer loop
    vertex -2.48806 -11.7392 4.87921
    vertex 0 -12 3.14286
    vertex -2.96568 -11.6278 2.31841
  endloop
endfacet
facet normal 0.992701 0.118746 0.0210678
  outer loop
    vertex -12 0 3.14286
    vertex -11.7392 -2.48806 4.87921
    vertex -11.6277 -2.96573 2.31834
  endloop
endfacet
facet normal 0.635365 0.772198 -0.00465137
  outer loop
    vertex -8.48528 -8.48528 11.7444
    vertex -6.65873 -9.98305 12.5943
    vertex -6.76868 -9.90884 9.89691
  endloop
endfacet
facet normal 0.46805 0.883667 -0.00785188
  outer loop
    vertex -4.65583 -11.06 10.7868
    vertex -6.65873 -9.98305 12.5943
    vertex -4.46575 -11.1381 13.327
  endloop
endfacet
facet normal 0.476884 0.878953 0.00474547
  outer loop
    vertex -6.76868 -9.90884 9.89691
    vertex -6.65873 -9.98305 12.5943
    vertex -4.65583 -11.06 10.7868
  endloop
endfacet
facet normal 0.772198 0.635365 -0.00465137
  outer loop
    vertex -9.98305 -6.65873 12.5943
    vertex -8.48528 -8.48528 11.7444
    vertex -9.90884 -6.76868 9.89691
  endloop
endfacet
facet normal 0.883667 0.46805 -0.00785188
  outer loop
    vertex -9.98305 -6.65873 12.5943
    vertex -11.06 -4.65583 10.7868
    vertex -11.1381 -4.46575 13.327
  endloop
endfacet
facet normal 0.878953 0.476884 0.00474547
  outer loop
    vertex -9.98305 -6.65873 12.5943
    vertex -9.90884 -6.76868 9.89691
    vertex -11.06 -4.65583 10.7868
  endloop
endfacet
facet normal 0.0947278 0.995503 -0
  outer loop
    vertex 0 -12 26.2857
    vertex -2.26325 -11.7846 27.149
    vertex 0 -12 28.8571
  endloop
endfacet
facet normal 0.995503 0.0947278 0
  outer loop
    vertex -11.7846 -2.26325 27.149
    vertex -12 0 26.2857
    vertex -12 0 28.8571
  endloop
endfacet
facet normal 0.774517 0.632553 4.9187e-16
  outer loop
    vertex -10.0092 -6.6193 26.9652
    vertex -8.48528 -8.48528 28.4727
    vertex -8.48528 -8.48528 25.4747
  endloop
endfacet
facet normal 0.886741 0.462265 0.000880329
  outer loop
    vertex -10.0092 -6.6193 26.9652
    vertex -11.1539 -4.42617 28.3192
    vertex -10.0261 -6.59369 30.5308
  endloop
endfacet
facet normal 0.774861 0.632131 -0.000870248
  outer loop
    vertex -10.0092 -6.6193 26.9652
    vertex -10.0261 -6.59369 30.5308
    vertex -8.48528 -8.48528 28.4727
  endloop
endfacet
facet normal 0.632553 0.774517 2.90678e-16
  outer loop
    vertex -8.48528 -8.48528 28.4727
    vertex -6.6193 -10.0092 26.9652
    vertex -8.48528 -8.48528 25.4747
  endloop
endfacet
facet normal 0.462265 0.886741 0.000880329
  outer loop
    vertex -4.42617 -11.1539 28.3192
    vertex -6.6193 -10.0092 26.9652
    vertex -6.59369 -10.0261 30.5308
  endloop
endfacet
facet normal 0.632131 0.774861 -0.000870248
  outer loop
    vertex -6.59369 -10.0261 30.5308
    vertex -6.6193 -10.0092 26.9652
    vertex -8.48528 -8.48528 28.4727
  endloop
endfacet
facet normal 0.995234 0.0975164 0
  outer loop
    vertex -12 0 21.1429
    vertex -11.7718 -2.32924 20.4153
    vertex -12 0 18.5714
  endloop
endfacet
facet normal 0.957086 0.289803 -3.45249e-16
  outer loop
    vertex -11.0866 -4.5922 19.3016
    vertex -11.7718 -2.32924 20.4153
    vertex -11.0866 -4.5922 21.9893
  endloop
endfacet
facet normal 0.957395 0.288771 0.00228692
  outer loop
    vertex -11.0866 -4.5922 19.3016
    vertex -11.7833 -2.26998 17.7764
    vertex -11.7718 -2.32924 20.4153
  endloop
endfacet
facet normal 0.9954 0.0957802 -0.00221367
  outer loop
    vertex -11.7833 -2.26998 17.7764
    vertex -12 0 18.5714
    vertex -11.7718 -2.32924 20.4153
  endloop
endfacet
facet normal 0.0975164 0.995234 0
  outer loop
    vertex -2.32924 -11.7718 20.4153
    vertex 0 -12 21.1429
    vertex 0 -12 18.5714
  endloop
endfacet
facet normal 0.289803 0.957086 -1.74702e-16
  outer loop
    vertex -2.32924 -11.7718 20.4153
    vertex -4.5922 -11.0866 19.3016
    vertex -4.5922 -11.0866 21.9893
  endloop
endfacet
facet normal 0.288771 0.957395 0.00228692
  outer loop
    vertex -2.26998 -11.7833 17.7764
    vertex -4.5922 -11.0866 19.3016
    vertex -2.32924 -11.7718 20.4153
  endloop
endfacet
facet normal 0.0957802 0.9954 -0.00221367
  outer loop
    vertex 0 -12 18.5714
    vertex -2.26998 -11.7833 17.7764
    vertex -2.32924 -11.7718 20.4153
  endloop
endfacet
facet normal 0.635624 0.771999 2.52711e-15
  outer loop
    vertex -6.69861 -9.95634 20.4787
    vertex -8.48528 -8.48528 18.9697
    vertex -8.48528 -8.48528 21.931
  endloop
endfacet
facet normal 0.472802 0.881169 -3.12481e-16
  outer loop
    vertex -4.5922 -11.0866 19.3016
    vertex -6.69861 -9.95634 20.4787
    vertex -4.5922 -11.0866 21.9893
  endloop
endfacet
facet normal 0.771999 0.635624 -2.53596e-15
  outer loop
    vertex -8.48528 -8.48528 18.9697
    vertex -9.95634 -6.69861 20.4787
    vertex -8.48528 -8.48528 21.931
  endloop
endfacet
facet normal 0.881169 0.472802 -1.38239e-16
  outer loop
    vertex -9.95634 -6.69861 20.4787
    vertex -11.0866 -4.5922 19.3016
    vertex -11.0866 -4.5922 21.9893
  endloop
endfacet
facet normal 0.637858 0.770154 -3.57301e-14
  outer loop
    vertex -8.48528 -8.48528 38.1228
    vertex -6.75618 -9.91736 36.437
    vertex -8.48528 -8.48528 35.2617
  endloop
endfacet
facet normal 0.770154 0.637858 3.57426e-14
  outer loop
    vertex -9.91736 -6.75618 36.437
    vertex -8.48528 -8.48528 38.1228
    vertex -8.48528 -8.48528 35.2617
  endloop
endfacet
facet normal 0.110996 0.993821 0
  outer loop
    vertex -2.64744 -11.7043 33.026
    vertex 0 -12 34
    vertex 0 -12 31.4286
  endloop
endfacet
facet normal 0.315625 0.948363 -0.031425
  outer loop
    vertex -2.64744 -11.7043 33.026
    vertex -4.06453 -11.2907 31.2759
    vertex -4.90856 -10.9502 33.0753
  endloop
endfacet
facet normal 0.270022 0.962813 0.0089166
  outer loop
    vertex -2.25748 -11.7857 30.0093
    vertex -4.06453 -11.2907 31.2759
    vertex -2.64744 -11.7043 33.026
  endloop
endfacet
facet normal 0.102911 0.994598 -0.0135431
  outer loop
    vertex 0 -12 31.4286
    vertex -2.25748 -11.7857 30.0093
    vertex -2.64744 -11.7043 33.026
  endloop
endfacet
facet normal 0.993821 0.110996 0
  outer loop
    vertex -12 0 34
    vertex -11.7043 -2.64744 33.026
    vertex -12 0 31.4286
  endloop
endfacet
facet normal 0.948363 0.315625 -0.031425
  outer loop
    vertex -11.2907 -4.06453 31.2759
    vertex -11.7043 -2.64744 33.026
    vertex -10.9502 -4.90856 33.0753
  endloop
endfacet
facet normal 0.962813 0.270022 0.0089166
  outer loop
    vertex -11.2907 -4.06453 31.2759
    vertex -11.7857 -2.25748 30.0093
    vertex -11.7043 -2.64744 33.026
  endloop
endfacet
facet normal 0.994598 0.102911 -0.0135431
  outer loop
    vertex -11.7857 -2.25748 30.0093
    vertex -12 0 31.4286
    vertex -11.7043 -2.64744 33.026
  endloop
endfacet
facet normal 0.995476 0.0950122 0
  outer loop
    vertex -12 0 18.5714
    vertex -11.7833 -2.26998 17.7764
    vertex -12 0 16
  endloop
endfacet
facet normal 0.959593 0.281206 -0.0102361
  outer loop
    vertex -11.2236 -4.24638 15.9584
    vertex -11.7833 -2.26998 17.7764
    vertex -11.0866 -4.5922 19.3016
  endloop
endfacet
facet normal 0.962349 0.271816 0.000821068
  outer loop
    vertex -11.2236 -4.24638 15.9584
    vertex -11.7866 -2.25289 15.9632
    vertex -11.7833 -2.26998 17.7764
  endloop
endfacet
facet normal 0.995543 0.0943054 -0.000911338
  outer loop
    vertex -11.7866 -2.25289 15.9632
    vertex -12 0 16
    vertex -11.7833 -2.26998 17.7764
  endloop
endfacet
facet normal 0.0950122 0.995476 0
  outer loop
    vertex -2.26998 -11.7833 17.7764
    vertex 0 -12 18.5714
    vertex 0 -12 16
  endloop
endfacet
facet normal 0.281206 0.959593 -0.0102361
  outer loop
    vertex -2.26998 -11.7833 17.7764
    vertex -4.24638 -11.2236 15.9584
    vertex -4.5922 -11.0866 19.3016
  endloop
endfacet
facet normal 0.271816 0.962349 0.000821068
  outer loop
    vertex -2.25289 -11.7866 15.9632
    vertex -4.24638 -11.2236 15.9584
    vertex -2.26998 -11.7833 17.7764
  endloop
endfacet
facet normal 0.0943054 0.995543 -0.000911338
  outer loop
    vertex 0 -12 16
    vertex -2.25289 -11.7866 15.9632
    vertex -2.26998 -11.7833 17.7764
  endloop
endfacet
facet normal 0.774864 0.632128 -8.96527e-15
  outer loop
    vertex -8.48528 -8.48528 18.9697
    vertex -8.48528 -8.48528 16.2951
    vertex -10.0165 -6.60832 17.6996
  endloop
endfacet
facet normal 0.886966 0.461694 0.0114101
  outer loop
    vertex -11.0866 -4.5922 19.3016
    vertex -10.0165 -6.60832 17.6996
    vertex -11.2236 -4.24638 15.9584
  endloop
endfacet
facet normal 0.882042 0.471155 -0.00378517
  outer loop
    vertex -11.0866 -4.5922 19.3016
    vertex -9.95634 -6.69861 20.4787
    vertex -10.0165 -6.60832 17.6996
  endloop
endfacet
facet normal 0.773583 0.633683 0.00384285
  outer loop
    vertex -10.0165 -6.60832 17.6996
    vertex -9.95634 -6.69861 20.4787
    vertex -8.48528 -8.48528 18.9697
  endloop
endfacet
facet normal 0.632128 0.774864 9.89973e-15
  outer loop
    vertex -8.48528 -8.48528 16.2951
    vertex -8.48528 -8.48528 18.9697
    vertex -6.60832 -10.0165 17.6996
  endloop
endfacet
facet normal 0.461694 0.886966 0.0114101
  outer loop
    vertex -6.60832 -10.0165 17.6996
    vertex -4.5922 -11.0866 19.3016
    vertex -4.24638 -11.2236 15.9584
  endloop
endfacet
facet normal 0.471155 0.882042 -0.00378517
  outer loop
    vertex -6.69861 -9.95634 20.4787
    vertex -4.5922 -11.0866 19.3016
    vertex -6.60832 -10.0165 17.6996
  endloop
endfacet
facet normal 0.633683 0.773583 0.00384285
  outer loop
    vertex -6.69861 -9.95634 20.4787
    vertex -6.60832 -10.0165 17.6996
    vertex -8.48528 -8.48528 18.9697
  endloop
endfacet
facet normal 0.771377 0.636379 7.64715e-15
  outer loop
    vertex -9.94322 -6.71806 33.8309
    vertex -8.48528 -8.48528 35.2617
    vertex -8.48528 -8.48528 32.1692
  endloop
endfacet
facet normal 0.770711 0.637183 0.00167191
  outer loop
    vertex -9.91736 -6.75618 36.437
    vertex -8.48528 -8.48528 35.2617
    vertex -9.94322 -6.71806 33.8309
  endloop
endfacet
facet normal 0.87534 0.483428 -0.00880163
  outer loop
    vertex -9.94322 -6.71806 33.8309
    vertex -10.9502 -4.90856 33.0753
    vertex -11.0308 -4.72453 35.1622
  endloop
endfacet
facet normal 0.877381 0.479791 -0.00168887
  outer loop
    vertex -11.0308 -4.72453 35.1622
    vertex -9.91736 -6.75618 36.437
    vertex -9.94322 -6.71806 33.8309
  endloop
endfacet
facet normal 0.636379 0.771377 -6.84612e-15
  outer loop
    vertex -8.48528 -8.48528 35.2617
    vertex -6.71806 -9.94322 33.8309
    vertex -8.48528 -8.48528 32.1692
  endloop
endfacet
facet normal 0.637183 0.770711 0.00167191
  outer loop
    vertex -8.48528 -8.48528 35.2617
    vertex -6.75618 -9.91736 36.437
    vertex -6.71806 -9.94322 33.8309
  endloop
endfacet
facet normal 0.483428 0.87534 -0.00880163
  outer loop
    vertex -4.90856 -10.9502 33.0753
    vertex -6.71806 -9.94322 33.8309
    vertex -4.72453 -11.0308 35.1622
  endloop
endfacet
facet normal 0.479791 0.877381 -0.00168887
  outer loop
    vertex -6.75618 -9.91736 36.437
    vertex -4.72453 -11.0308 35.1622
    vertex -6.71806 -9.94322 33.8309
  endloop
endfacet
facet normal 0.0944843 0.995526 -0
  outer loop
    vertex 0 -12 28.8571
    vertex -2.25748 -11.7857 30.0093
    vertex 0 -12 31.4286
  endloop
endfacet
facet normal 0.271574 0.962351 0.0113111
  outer loop
    vertex -4.06453 -11.2907 31.2759
    vertex -2.25748 -11.7857 30.0093
    vertex -4.42617 -11.1539 28.3192
  endloop
endfacet
facet normal 0.995526 0.0944843 0
  outer loop
    vertex -11.7857 -2.25748 30.0093
    vertex -12 0 28.8571
    vertex -12 0 31.4286
  endloop
endfacet
facet normal 0.962351 0.271574 0.0113111
  outer loop
    vertex -11.7857 -2.25748 30.0093
    vertex -11.2907 -4.06453 31.2759
    vertex -11.1539 -4.42617 28.3192
  endloop
endfacet
facet normal 0.948533 0.316556 0.00874178
  outer loop
    vertex -10.9502 -4.90856 33.0753
    vertex -11.7043 -2.64744 33.026
    vertex -11.0308 -4.72453 35.1622
  endloop
endfacet
facet normal 0.316556 0.948533 0.00874178
  outer loop
    vertex -2.64744 -11.7043 33.026
    vertex -4.90856 -10.9502 33.0753
    vertex -4.72453 -11.0308 35.1622
  endloop
endfacet
facet normal 0.996541 0.0831021 0
  outer loop
    vertex -12 0 26.2857
    vertex -11.8343 -1.98755 23.7107
    vertex -12 0 23.7143
  endloop
endfacet
facet normal 0.995727 0.0920845 -0.00698566
  outer loop
    vertex -12 0 26.2857
    vertex -11.7846 -2.26325 27.149
    vertex -11.8343 -1.98755 23.7107
  endloop
endfacet
facet normal 0.0831021 0.996541 0
  outer loop
    vertex -1.98755 -11.8343 23.7107
    vertex 0 -12 26.2857
    vertex 0 -12 23.7143
  endloop
endfacet
facet normal 0.0920845 0.995727 -0.00698566
  outer loop
    vertex -2.26325 -11.7846 27.149
    vertex 0 -12 26.2857
    vertex -1.98755 -11.8343 23.7107
  endloop
endfacet
facet normal 0.996541 0.0831021 0
  outer loop
    vertex -11.8343 -1.98755 23.7107
    vertex -12 0 21.1429
    vertex -12 0 23.7143
  endloop
endfacet
facet normal 0.995464 0.0947107 0.00905462
  outer loop
    vertex -11.7718 -2.32924 20.4153
    vertex -12 0 21.1429
    vertex -11.8343 -1.98755 23.7107
  endloop
endfacet
facet normal 0.961584 0.274502 0.00232272
  outer loop
    vertex -11.8343 -1.98755 23.7107
    vertex -11.1126 -4.52884 25.2787
    vertex -11.0866 -4.5922 21.9893
  endloop
endfacet
facet normal 0.959147 0.28269 -0.0111246
  outer loop
    vertex -11.0866 -4.5922 21.9893
    vertex -11.7718 -2.32924 20.4153
    vertex -11.8343 -1.98755 23.7107
  endloop
endfacet
facet normal 0.0831021 0.996541 -0
  outer loop
    vertex 0 -12 21.1429
    vertex -1.98755 -11.8343 23.7107
    vertex 0 -12 23.7143
  endloop
endfacet
facet normal 0.0947107 0.995464 0.00905462
  outer loop
    vertex 0 -12 21.1429
    vertex -2.32924 -11.7718 20.4153
    vertex -1.98755 -11.8343 23.7107
  endloop
endfacet
facet normal 0.274502 0.961584 0.00232272
  outer loop
    vertex -4.52884 -11.1126 25.2787
    vertex -1.98755 -11.8343 23.7107
    vertex -4.5922 -11.0866 21.9893
  endloop
endfacet
facet normal 0.28269 0.959147 -0.0111246
  outer loop
    vertex -2.32924 -11.7718 20.4153
    vertex -4.5922 -11.0866 21.9893
    vertex -1.98755 -11.8343 23.7107
  endloop
endfacet
facet normal 0.995014 0.09974 0
  outer loop
    vertex -12 0 39.1429
    vertex -11.7612 -2.38182 38.4673
    vertex -12 0 36.5714
  endloop
endfacet
facet normal 0.09974 0.995014 0
  outer loop
    vertex -2.38182 -11.7612 38.4673
    vertex 0 -12 39.1429
    vertex 0 -12 36.5714
  endloop
endfacet
facet normal 0.0945968 0.995516 -0
  outer loop
    vertex 0 -12 10.8571
    vertex -2.26014 -11.7852 13.4634
    vertex 0 -12 13.4286
  endloop
endfacet
facet normal 0.995516 0.0945968 0
  outer loop
    vertex -11.7852 -2.26014 13.4634
    vertex -12 0 10.8571
    vertex -12 0 13.4286
  endloop
endfacet
facet normal 0.281091 0.95965 0.00773578
  outer loop
    vertex -2.26014 -11.7852 13.4634
    vertex -4.46575 -11.1381 13.327
    vertex -4.24638 -11.2236 15.9584
  endloop
endfacet
facet normal 0.271818 0.962349 -0.000253917
  outer loop
    vertex -4.24638 -11.2236 15.9584
    vertex -2.25289 -11.7866 15.9632
    vertex -2.26014 -11.7852 13.4634
  endloop
endfacet
facet normal 0.95965 0.281091 0.00773578
  outer loop
    vertex -11.1381 -4.46575 13.327
    vertex -11.7852 -2.26014 13.4634
    vertex -11.2236 -4.24638 15.9584
  endloop
endfacet
facet normal 0.962349 0.271818 -0.000253917
  outer loop
    vertex -11.7866 -2.25289 15.9632
    vertex -11.2236 -4.24638 15.9584
    vertex -11.7852 -2.26014 13.4634
  endloop
endfacet
facet normal 0.104931 0.994479 0
  outer loop
    vertex -2.50445 -11.7357 9.53407
    vertex 0 -12 10.8571
    vertex 0 -12 8.28571
  endloop
endfacet
facet normal 0.298932 0.954274 -0.00139433
  outer loop
    vertex -4.65583 -11.06 10.7868
    vertex -2.50445 -11.7357 9.53407
    vertex -4.6235 -11.0735 8.44155
  endloop
endfacet
facet normal 0.994479 0.104931 0
  outer loop
    vertex -12 0 10.8571
    vertex -11.7357 -2.50445 9.53407
    vertex -12 0 8.28571
  endloop
endfacet
facet normal 0.954274 0.298932 -0.00139433
  outer loop
    vertex -11.7357 -2.50445 9.53407
    vertex -11.06 -4.65583 10.7868
    vertex -11.0735 -4.6235 8.44155
  endloop
endfacet
facet normal 0.606373 0.793879 0.0454718
  outer loop
    vertex -8.48528 -8.48528 41.3169
    vertex -7.16663 -9.62494 43.6294
    vertex -5.96751 -10.411 41.3625
  endloop
endfacet
facet normal 0.513939 0.857449 -0.025467
  outer loop
    vertex -7.16663 -9.62494 43.6294
    vertex -5.10422 -10.8603 43.6553
    vertex -5.96751 -10.411 41.3625
  endloop
endfacet
facet normal 0.793879 0.606373 0.0454718
  outer loop
    vertex -9.62494 -7.16663 43.6294
    vertex -8.48528 -8.48528 41.3169
    vertex -10.411 -5.96751 41.3625
  endloop
endfacet
facet normal 0.857449 0.513939 -0.025467
  outer loop
    vertex -10.8603 -5.10422 43.6553
    vertex -9.62494 -7.16663 43.6294
    vertex -10.411 -5.96751 41.3625
  endloop
endfacet
facet normal 0.764373 0.644775 -0
  outer loop
    vertex -8.48528 -8.48528 23.7047
    vertex -9.79395 -6.93388 23.6889
    vertex -8.48528 -8.48528 25.4747
  endloop
endfacet
facet normal 0.770309 0.637582 -0.0105988
  outer loop
    vertex -10.0092 -6.6193 26.9652
    vertex -8.48528 -8.48528 25.4747
    vertex -9.79395 -6.93388 23.6889
  endloop
endfacet
facet normal 0.644775 0.764373 0
  outer loop
    vertex -6.93388 -9.79395 23.6889
    vertex -8.48528 -8.48528 23.7047
    vertex -8.48528 -8.48528 25.4747
  endloop
endfacet
facet normal 0.637582 0.770309 -0.0105988
  outer loop
    vertex -8.48528 -8.48528 25.4747
    vertex -6.6193 -10.0092 26.9652
    vertex -6.93388 -9.79395 23.6889
  endloop
endfacet
facet normal 0.764373 0.644775 0
  outer loop
    vertex -9.79395 -6.93388 23.6889
    vertex -8.48528 -8.48528 23.7047
    vertex -8.48528 -8.48528 21.931
  endloop
endfacet
facet normal 0.876193 0.481955 -0.00234897
  outer loop
    vertex -9.79395 -6.93388 23.6889
    vertex -11.0866 -4.5922 21.9893
    vertex -11.1126 -4.52884 25.2787
  endloop
endfacet
facet normal 0.878307 0.478006 -0.00939836
  outer loop
    vertex -9.95634 -6.69861 20.4787
    vertex -11.0866 -4.5922 21.9893
    vertex -9.79395 -6.93388 23.6889
  endloop
endfacet
facet normal 0.768784 0.639459 0.00797462
  outer loop
    vertex -8.48528 -8.48528 21.931
    vertex -9.95634 -6.69861 20.4787
    vertex -9.79395 -6.93388 23.6889
  endloop
endfacet
facet normal 0.644775 0.764373 0
  outer loop
    vertex -8.48528 -8.48528 23.7047
    vertex -6.93388 -9.79395 23.6889
    vertex -8.48528 -8.48528 21.931
  endloop
endfacet
facet normal 0.481955 0.876193 -0.00234897
  outer loop
    vertex -4.5922 -11.0866 21.9893
    vertex -6.93388 -9.79395 23.6889
    vertex -4.52884 -11.1126 25.2787
  endloop
endfacet
facet normal 0.478006 0.878307 -0.00939836
  outer loop
    vertex -4.5922 -11.0866 21.9893
    vertex -6.69861 -9.95634 20.4787
    vertex -6.93388 -9.79395 23.6889
  endloop
endfacet
facet normal 0.639459 0.768784 0.00797462
  outer loop
    vertex -6.69861 -9.95634 20.4787
    vertex -8.48528 -8.48528 21.931
    vertex -6.93388 -9.79395 23.6889
  endloop
endfacet
facet normal 0.879537 0.475824 -0.00252385
  outer loop
    vertex -9.94529 -6.715 7.31268
    vertex -11.0735 -4.6235 8.44155
    vertex -9.90884 -6.76868 9.89691
  endloop
endfacet
facet normal 0.771475 0.63626 -7.56805e-14
  outer loop
    vertex -9.94529 -6.715 7.31268
    vertex -8.48528 -8.48528 8.53896
    vertex -8.48528 -8.48528 5.91527
  endloop
endfacet
facet normal 0.770668 0.637232 0.00236476
  outer loop
    vertex -9.94529 -6.715 7.31268
    vertex -9.90884 -6.76868 9.89691
    vertex -8.48528 -8.48528 8.53896
  endloop
endfacet
facet normal 0.475824 0.879537 -0.00252385
  outer loop
    vertex -4.6235 -11.0735 8.44155
    vertex -6.715 -9.94529 7.31268
    vertex -6.76868 -9.90884 9.89691
  endloop
endfacet
facet normal 0.63626 0.771475 7.47292e-14
  outer loop
    vertex -8.48528 -8.48528 8.53896
    vertex -6.715 -9.94529 7.31268
    vertex -8.48528 -8.48528 5.91527
  endloop
endfacet
facet normal 0.637232 0.770668 0.00236476
  outer loop
    vertex -6.76868 -9.90884 9.89691
    vertex -6.715 -9.94529 7.31268
    vertex -8.48528 -8.48528 8.53896
  endloop
endfacet
facet normal 0.634393 0.77301 -4.2794e-13
  outer loop
    vertex -8.48528 -8.48528 50.1237
    vertex -8.48528 -8.48528 52
    vertex -6.66684 -9.97764 52
  endloop
endfacet
facet normal 0.639013 0.769159 -0.00754045
  outer loop
    vertex -6.66684 -9.97764 52
    vertex -6.87418 -9.83593 48.8831
    vertex -8.48528 -8.48528 50.1237
  endloop
endfacet
facet normal 0.77301 0.634393 4.30605e-13
  outer loop
    vertex -8.48528 -8.48528 52
    vertex -8.48528 -8.48528 50.1237
    vertex -9.97764 -6.66684 52
  endloop
endfacet
facet normal 0.769159 0.639013 -0.00754045
  outer loop
    vertex -9.83593 -6.87418 48.8831
    vertex -9.97764 -6.66684 52
    vertex -8.48528 -8.48528 50.1237
  endloop
endfacet
facet normal 0.634393 0.77301 4.81494e-13
  outer loop
    vertex -8.48528 -8.48528 -2
    vertex -8.48528 -8.48528 -0.156206
    vertex -6.66684 -9.97764 -2
  endloop
endfacet
facet normal 0.616734 0.786657 -0.0284619
  outer loop
    vertex -6.16926 -10.2927 0.0732152
    vertex -6.66684 -9.97764 -2
    vertex -8.48528 -8.48528 -0.156206
  endloop
endfacet
facet normal 0.77301 0.634393 -4.8285e-13
  outer loop
    vertex -8.48528 -8.48528 -0.156206
    vertex -8.48528 -8.48528 -2
    vertex -9.97764 -6.66684 -2
  endloop
endfacet
facet normal 0.786629 0.616773 -0.0284011
  outer loop
    vertex -9.97764 -6.66684 -2
    vertex -10.2918 -6.17083 0.0705895
    vertex -8.48528 -8.48528 -0.156206
  endloop
endfacet
facet normal 0.990904 0.132311 0.0245545
  outer loop
    vertex -11.5569 -3.23084 41.2416
    vertex -12 0 41.7143
    vertex -11.7037 -2.65007 44.0377
  endloop
endfacet
facet normal 0.953008 0.302126 0.0222596
  outer loop
    vertex -11.7612 -2.38182 38.4673
    vertex -11.5569 -3.23084 41.2416
    vertex -11.0643 -4.64554 39.3542
  endloop
endfacet
facet normal 0.132311 0.990904 0.0245545
  outer loop
    vertex 0 -12 41.7143
    vertex -3.23084 -11.5569 41.2416
    vertex -2.65007 -11.7037 44.0377
  endloop
endfacet
facet normal 0.302126 0.953008 0.0222596
  outer loop
    vertex -3.23084 -11.5569 41.2416
    vertex -2.38182 -11.7612 38.4673
    vertex -4.64554 -11.0643 39.3542
  endloop
endfacet
facet normal 0.634079 0.773268 1.91648e-14
  outer loop
    vertex -8.48528 -8.48528 14.253
    vertex -6.65873 -9.98305 12.5943
    vertex -8.48528 -8.48528 11.7444
  endloop
endfacet
facet normal 0.773268 0.634079 -2.01601e-14
  outer loop
    vertex -9.98305 -6.65873 12.5943
    vertex -8.48528 -8.48528 14.253
    vertex -8.48528 -8.48528 11.7444
  endloop
endfacet
facet normal 0.775325 0.631562 7.47469e-16
  outer loop
    vertex -8.48528 -8.48528 30.2536
    vertex -10.0261 -6.59369 30.5308
    vertex -8.48528 -8.48528 32.1692
  endloop
endfacet
facet normal 0.892715 0.450411 -0.0137841
  outer loop
    vertex -11.2907 -4.06453 31.2759
    vertex -10.0261 -6.59369 30.5308
    vertex -11.1539 -4.42617 28.3192
  endloop
endfacet
facet normal 0.89803 0.43848 0.0357296
  outer loop
    vertex -10.9502 -4.90856 33.0753
    vertex -10.0261 -6.59369 30.5308
    vertex -11.2907 -4.06453 31.2759
  endloop
endfacet
facet normal 0.773423 0.633874 0.00445864
  outer loop
    vertex -9.94322 -6.71806 33.8309
    vertex -8.48528 -8.48528 32.1692
    vertex -10.0261 -6.59369 30.5308
  endloop
endfacet
facet normal 0.874464 0.485076 -0.00368776
  outer loop
    vertex -10.9502 -4.90856 33.0753
    vertex -9.94322 -6.71806 33.8309
    vertex -10.0261 -6.59369 30.5308
  endloop
endfacet
facet normal 0.631562 0.775325 -1.99542e-15
  outer loop
    vertex -6.59369 -10.0261 30.5308
    vertex -8.48528 -8.48528 30.2536
    vertex -8.48528 -8.48528 32.1692
  endloop
endfacet
facet normal 0.450411 0.892715 -0.0137841
  outer loop
    vertex -6.59369 -10.0261 30.5308
    vertex -4.06453 -11.2907 31.2759
    vertex -4.42617 -11.1539 28.3192
  endloop
endfacet
facet normal 0.43848 0.89803 0.0357296
  outer loop
    vertex -6.59369 -10.0261 30.5308
    vertex -4.90856 -10.9502 33.0753
    vertex -4.06453 -11.2907 31.2759
  endloop
endfacet
facet normal 0.633874 0.773423 0.00445864
  outer loop
    vertex -8.48528 -8.48528 32.1692
    vertex -6.71806 -9.94322 33.8309
    vertex -6.59369 -10.0261 30.5308
  endloop
endfacet
facet normal 0.485076 0.874464 -0.00368776
  outer loop
    vertex -6.71806 -9.94322 33.8309
    vertex -4.90856 -10.9502 33.0753
    vertex -6.59369 -10.0261 30.5308
  endloop
endfacet
facet normal 0.0942906 0.995545 -0
  outer loop
    vertex 0 -12 13.4286
    vertex -2.25289 -11.7866 15.9632
    vertex 0 -12 16
  endloop
endfacet
facet normal 0.094601 0.995515 0.000278364
  outer loop
    vertex 0 -12 13.4286
    vertex -2.26014 -11.7852 13.4634
    vertex -2.25289 -11.7866 15.9632
  endloop
endfacet
facet normal 0.995545 0.0942906 0
  outer loop
    vertex -11.7866 -2.25289 15.9632
    vertex -12 0 13.4286
    vertex -12 0 16
  endloop
endfacet
facet normal 0.995515 0.094601 0.000278364
  outer loop
    vertex -11.7852 -2.26014 13.4634
    vertex -12 0 13.4286
    vertex -11.7866 -2.25289 15.9632
  endloop
endfacet
facet normal 0.88179 0.471327 -0.0172202
  outer loop
    vertex -9.97764 -6.66684 52
    vertex -10.9024 -5.01381 49.8917
    vertex -11.0866 -4.5922 52
  endloop
endfacet
facet normal 0.869089 0.494612 0.00660844
  outer loop
    vertex -10.9024 -5.01381 49.8917
    vertex -9.97764 -6.66684 52
    vertex -9.83593 -6.87418 48.8831
  endloop
endfacet
facet normal 0.471327 0.88179 -0.0172202
  outer loop
    vertex -5.01381 -10.9024 49.8917
    vertex -6.66684 -9.97764 52
    vertex -4.5922 -11.0866 52
  endloop
endfacet
facet normal 0.494612 0.869089 0.00660844
  outer loop
    vertex -6.66684 -9.97764 52
    vertex -5.01381 -10.9024 49.8917
    vertex -6.87418 -9.83593 48.8831
  endloop
endfacet
facet normal 0.103234 0.994647 0.00443595
  outer loop
    vertex -2.50065 -11.7366 35.6966
    vertex -2.38182 -11.7612 38.4673
    vertex 0 -12 36.5714
  endloop
endfacet
facet normal 0.30361 0.952782 -0.00518665
  outer loop
    vertex -2.50065 -11.7366 35.6966
    vertex -2.64744 -11.7043 33.026
    vertex -4.72453 -11.0308 35.1622
  endloop
endfacet
facet normal 0.994647 0.103234 0.00443595
  outer loop
    vertex -11.7612 -2.38182 38.4673
    vertex -11.7366 -2.50065 35.6966
    vertex -12 0 36.5714
  endloop
endfacet
facet normal 0.952782 0.30361 -0.00518665
  outer loop
    vertex -11.7043 -2.64744 33.026
    vertex -11.7366 -2.50065 35.6966
    vertex -11.0308 -4.72453 35.1622
  endloop
endfacet
facet normal 0.774874 0.632105 -0.00362346
  outer loop
    vertex -9.98305 -6.65873 12.5943
    vertex -10.0318 -6.58506 15.0212
    vertex -8.48528 -8.48528 14.253
  endloop
endfacet
facet normal 0.890798 0.454398 -0.00114455
  outer loop
    vertex -10.0165 -6.60832 17.6996
    vertex -10.0318 -6.58506 15.0212
    vertex -11.2236 -4.24638 15.9584
  endloop
endfacet
facet normal 0.632105 0.774874 -0.00362346
  outer loop
    vertex -6.58506 -10.0318 15.0212
    vertex -6.65873 -9.98305 12.5943
    vertex -8.48528 -8.48528 14.253
  endloop
endfacet
facet normal 0.454398 0.890798 -0.00114455
  outer loop
    vertex -6.58506 -10.0318 15.0212
    vertex -6.60832 -10.0165 17.6996
    vertex -4.24638 -11.2236 15.9584
  endloop
endfacet
facet normal 0.95538 0.295313 0.00629534
  outer loop
    vertex -11.7676 -2.35001 7.13027
    vertex -11.7357 -2.50445 9.53407
    vertex -11.0735 -4.6235 8.44155
  endloop
endfacet
facet normal 0.953955 0.299598 0.01448
  outer loop
    vertex -10.9471 -4.91536 6.15114
    vertex -11.7676 -2.35001 7.13027
    vertex -11.0735 -4.6235 8.44155
  endloop
endfacet
facet normal 0.295313 0.95538 0.00629534
  outer loop
    vertex -2.50445 -11.7357 9.53407
    vertex -2.35001 -11.7676 7.13027
    vertex -4.6235 -11.0735 8.44155
  endloop
endfacet
facet normal 0.299598 0.953955 0.01448
  outer loop
    vertex -2.35001 -11.7676 7.13027
    vertex -4.91536 -10.9471 6.15114
    vertex -4.6235 -11.0735 8.44155
  endloop
endfacet
facet normal 0.124405 0.991887 0.0261482
  outer loop
    vertex -2.8046 -11.6677 11.5937
    vertex -2.26014 -11.7852 13.4634
    vertex 0 -12 10.8571
  endloop
endfacet
facet normal 0.306645 0.951732 0.0132244
  outer loop
    vertex -2.8046 -11.6677 11.5937
    vertex -2.50445 -11.7357 9.53407
    vertex -4.65583 -11.06 10.7868
  endloop
endfacet
facet normal 0.113435 0.993412 -0.0163101
  outer loop
    vertex -2.50445 -11.7357 9.53407
    vertex -2.8046 -11.6677 11.5937
    vertex 0 -12 10.8571
  endloop
endfacet
facet normal 0.991887 0.124405 0.0261482
  outer loop
    vertex -11.7852 -2.26014 13.4634
    vertex -11.6677 -2.8046 11.5937
    vertex -12 0 10.8571
  endloop
endfacet
facet normal 0.951732 0.306645 0.0132244
  outer loop
    vertex -11.7357 -2.50445 9.53407
    vertex -11.6677 -2.8046 11.5937
    vertex -11.06 -4.65583 10.7868
  endloop
endfacet
facet normal 0.993412 0.113435 -0.0163101
  outer loop
    vertex -11.6677 -2.8046 11.5937
    vertex -11.7357 -2.50445 9.53407
    vertex -12 0 10.8571
  endloop
endfacet
facet normal 0.636483 0.771287 -0.00237228
  outer loop
    vertex -6.70257 -9.95367 39.0152
    vertex -6.75618 -9.91736 36.437
    vertex -8.48528 -8.48528 38.1228
  endloop
endfacet
facet normal 0.471904 0.881325 0.023931
  outer loop
    vertex -6.70257 -9.95367 39.0152
    vertex -5.96751 -10.411 41.3625
    vertex -4.64554 -11.0643 39.3542
  endloop
endfacet
facet normal 0.771287 0.636483 -0.00237228
  outer loop
    vertex -9.91736 -6.75618 36.437
    vertex -9.95367 -6.70257 39.0152
    vertex -8.48528 -8.48528 38.1228
  endloop
endfacet
facet normal 0.881325 0.471904 0.023931
  outer loop
    vertex -10.411 -5.96751 41.3625
    vertex -9.95367 -6.70257 39.0152
    vertex -11.0643 -4.64554 39.3542
  endloop
endfacet
facet normal 0.48098 0.876731 0.000771961
  outer loop
    vertex -4.74065 -11.0239 37.3488
    vertex -4.72453 -11.0308 35.1622
    vertex -6.75618 -9.91736 36.437
  endloop
endfacet
