solid Created by Gmsh
facet normal 0.88137 0.47172 0.0258229
  outer loop
    vertex -7.45279 -5.04538 4.65738
    vertex -8.31291 -3.449 4.85225
    vertex -7.92667 -4.26239 6.52798
  endloop
endfacet
facet normal 0.47172 0.88137 0.0258229
  outer loop
    vertex -3.449 -8.31291 4.85225
    vertex -5.04538 -7.45279 4.65738
    vertex -4.26239 -7.92667 6.52798
  endloop
endfacet
facet normal 0.0952002 0.995458 -0
  outer loop
    vertex 0 -9 44
    vertex -1.70582 -8.83686 44.4901
    vertex 0 -9 46
  endloop
endfacet
facet normal 0.995458 0.0952002 0
  outer loop
    vertex -8.83686 -1.70582 44.4901
    vertex -9 0 44
    vertex -9 0 46
  endloop
endfacet
facet normal 0.0990175 0.995086 0
  outer loop
    vertex -1.77356 -8.82352 4.96933
    vertex 0 -9 6
    vertex 0 -9 4
  endloop
endfacet
facet normal 0.995086 0.0990175 0
  outer loop
    vertex -9 0 6
    vertex -8.82352 -1.77356 4.96933
    vertex -9 0 4
  endloop
endfacet
facet normal 0.625211 0.780456 -1.43438e-13
  outer loop
    vertex -4.82183 -7.59934 45.2232
    vertex -6.36396 -6.36396 44.239
    vertex -6.36396 -6.36396 46.4091
  endloop
endfacet
facet normal 0.780456 0.625211 1.44042e-13
  outer loop
    vertex -6.36396 -6.36396 44.239
    vertex -7.59934 -4.82183 45.2232
    vertex -6.36396 -6.36396 46.4091
  endloop
endfacet
facet normal 0.636732 0.771085 1.30228e-13
  outer loop
    vertex -6.36396 -6.36396 5.19184
    vertex -5.04538 -7.45279 4.65738
    vertex -6.36396 -6.36396 3.55897
  endloop
endfacet
facet normal 0.771085 0.636732 -1.30256e-13
  outer loop
    vertex -7.45279 -5.04538 4.65738
    vertex -6.36396 -6.36396 5.19184
    vertex -6.36396 -6.36396 3.55897
  endloop
endfacet
facet normal 0.932622 0.357777 0.0470312
  outer loop
    vertex -8.73437 -2.17044 6.63069
    vertex -8.26307 -3.56675 7.9069
    vertex -7.92667 -4.26239 6.52798
  endloop
endfacet
facet normal 0.357777 0.932622 0.0470312
  outer loop
    vertex -3.56675 -8.26307 7.9069
    vertex -2.17044 -8.73437 6.63069
    vertex -4.26239 -7.92667 6.52798
  endloop
endfacet
facet normal 0.310519 0.9505 -0.0112764
  outer loop
    vertex -3.56675 -8.26307 7.9069
    vertex -1.87839 -8.8018 8.98916
    vertex -2.17044 -8.73437 6.63069
  endloop
endfacet
facet normal 0.112462 0.993551 0.0144802
  outer loop
    vertex -1.87839 -8.8018 8.98916
    vertex 0 -9 8
    vertex -2.17044 -8.73437 6.63069
  endloop
endfacet
facet normal 0.9505 0.310519 -0.0112764
  outer loop
    vertex -8.8018 -1.87839 8.98916
    vertex -8.26307 -3.56675 7.9069
    vertex -8.73437 -2.17044 6.63069
  endloop
endfacet
facet normal 0.993551 0.112462 0.0144802
  outer loop
    vertex -9 0 8
    vertex -8.8018 -1.87839 8.98916
    vertex -8.73437 -2.17044 6.63069
  endloop
endfacet
facet normal 0.457289 0.889032 0.0225757
  outer loop
    vertex -3.20959 -8.40824 19.8865
    vertex -4.92781 -7.53105 20.1465
    vertex -3.88978 -8.11601 22.1562
  endloop
endfacet
facet normal 0.630663 0.776057 0
  outer loop
    vertex -6.36396 -6.36396 21.2046
    vertex -4.92781 -7.53105 20.1465
    vertex -6.36396 -6.36396 19.2442
  endloop
endfacet
facet normal 0.889032 0.457289 0.0225757
  outer loop
    vertex -7.53105 -4.92781 20.1465
    vertex -8.40824 -3.20959 19.8865
    vertex -8.11601 -3.88978 22.1562
  endloop
endfacet
facet normal 0.776057 0.630663 0
  outer loop
    vertex -7.53105 -4.92781 20.1465
    vertex -6.36396 -6.36396 21.2046
    vertex -6.36396 -6.36396 19.2442
  endloop
endfacet
facet normal 0.633956 0.773349 0.00557758
  outer loop
    vertex -4.93346 -7.52735 2.2736
    vertex -6.36396 -6.36396 3.55897
    vertex -5.04538 -7.45279 4.65738
  endloop
endfacet
facet normal 0.773349 0.633956 0.00557758
  outer loop
    vertex -6.36396 -6.36396 3.55897
    vertex -7.52735 -4.93346 2.2736
    vertex -7.45279 -5.04538 4.65738
  endloop
endfacet
facet normal 0.632962 0.774001 0.0168036
  outer loop
    vertex -6.36396 -6.36396 46.4091
    vertex -5.14184 -7.38657 47.4772
    vertex -4.82183 -7.59934 45.2232
  endloop
endfacet
facet normal 0.774001 0.632962 0.0168036
  outer loop
    vertex -7.38657 -5.14184 47.4772
    vertex -6.36396 -6.36396 46.4091
    vertex -7.59934 -4.82183 45.2232
  endloop
endfacet
facet normal 0.437871 0.898634 0.0269552
  outer loop
    vertex -2.99717 -8.48628 34.0786
    vertex -4.82677 -7.5962 34.1258
    vertex -3.88285 -8.11933 36.2324
  endloop
endfacet
facet normal 0.625465 0.780252 -2.47588e-15
  outer loop
    vertex -6.36396 -6.36396 35.1098
    vertex -4.82677 -7.5962 34.1258
    vertex -6.36396 -6.36396 33.1664
  endloop
endfacet
facet normal 0.898634 0.437871 0.0269552
  outer loop
    vertex -7.5962 -4.82677 34.1258
    vertex -8.48628 -2.99717 34.0786
    vertex -8.11933 -3.88285 36.2324
  endloop
endfacet
facet normal 0.780252 0.625465 2.4937e-15
  outer loop
    vertex -7.5962 -4.82677 34.1258
    vertex -6.36396 -6.36396 35.1098
    vertex -6.36396 -6.36396 33.1664
  endloop
endfacet
facet normal 0.627878 0.778312 0
  outer loop
    vertex -6.36396 -6.36396 27.0638
    vertex -4.87372 -7.56617 26.2203
    vertex -6.36396 -6.36396 25.2662
  endloop
endfacet
facet normal 0.778312 0.627878 0
  outer loop
    vertex -7.56617 -4.87372 26.2203
    vertex -6.36396 -6.36396 27.0638
    vertex -6.36396 -6.36396 25.2662
  endloop
endfacet
facet normal 0.770444 0.637508 6.33847e-14
  outer loop
    vertex -6.36396 -6.36396 42.0674
    vertex -6.36396 -6.36396 39.711
    vertex -7.44262 -5.06037 41.0393
  endloop
endfacet
facet normal 0.637508 0.770444 -6.33847e-14
  outer loop
    vertex -6.36396 -6.36396 39.711
    vertex -6.36396 -6.36396 42.0674
    vertex -5.06037 -7.44262 41.0393
  endloop
endfacet
facet normal 0.630047 0.776461 0.0122088
  outer loop
    vertex -4.79663 -7.61527 38.4087
    vertex -6.36396 -6.36396 39.711
    vertex -5.06037 -7.44262 41.0393
  endloop
endfacet
facet normal 0.776461 0.630047 0.0122088
  outer loop
    vertex -6.36396 -6.36396 39.711
    vertex -7.61527 -4.79663 38.4087
    vertex -7.44262 -5.06037 41.0393
  endloop
endfacet
facet normal 0.865771 0.500327 -0.0106905
  outer loop
    vertex -7.59934 -4.82183 45.2232
    vertex -8.08598 -3.95182 46.5298
    vertex -7.38657 -5.14184 47.4772
  endloop
endfacet
facet normal 0.893027 0.44873 0.0338192
  outer loop
    vertex -8.08598 -3.95182 46.5298
    vertex -7.59934 -4.82183 45.2232
    vertex -8.4032 -3.22277 45.2328
  endloop
endfacet
facet normal 0.872368 0.487852 -0.031232
  outer loop
    vertex -8.08598 -3.95182 46.5298
    vertex -8.34975 -3.35882 48.4251
    vertex -7.38657 -5.14184 47.4772
  endloop
endfacet
facet normal 0.500327 0.865771 -0.0106905
  outer loop
    vertex -3.95182 -8.08598 46.5298
    vertex -4.82183 -7.59934 45.2232
    vertex -5.14184 -7.38657 47.4772
  endloop
endfacet
facet normal 0.44873 0.893027 0.0338192
  outer loop
    vertex -4.82183 -7.59934 45.2232
    vertex -3.95182 -8.08598 46.5298
    vertex -3.22277 -8.4032 45.2328
  endloop
endfacet
facet normal 0.487852 0.872368 -0.031232
  outer loop
    vertex -3.35882 -8.34975 48.4251
    vertex -3.95182 -8.08598 46.5298
    vertex -5.14184 -7.38657 47.4772
  endloop
endfacet
facet normal 0.955969 0.292764 -0.020311
  outer loop
    vertex -8.31291 -3.449 4.85225
    vertex -8.72236 -2.21821 3.32136
    vertex -8.82352 -1.77356 4.96933
  endloop
endfacet
facet normal 0.292764 0.955969 -0.020311
  outer loop
    vertex -2.21821 -8.72236 3.32136
    vertex -3.449 -8.31291 4.85225
    vertex -1.77356 -8.82352 4.96933
  endloop
endfacet
facet normal 0.866693 0.498828 -0.00368601
  outer loop
    vertex -8.07929 -3.96548 3.49155
    vertex -7.45279 -5.04538 4.65738
    vertex -7.52735 -4.93346 2.2736
  endloop
endfacet
facet normal 0.878403 0.476964 -0.0302316
  outer loop
    vertex -7.45279 -5.04538 4.65738
    vertex -8.07929 -3.96548 3.49155
    vertex -8.31291 -3.449 4.85225
  endloop
endfacet
facet normal 0.88806 0.458126 0.0383457
  outer loop
    vertex -8.46017 -3.07009 1.61504
    vertex -8.07929 -3.96548 3.49155
    vertex -7.52735 -4.93346 2.2736
  endloop
endfacet
facet normal 0.498828 0.866693 -0.00368601
  outer loop
    vertex -5.04538 -7.45279 4.65738
    vertex -3.96548 -8.07929 3.49155
    vertex -4.93346 -7.52735 2.2736
  endloop
endfacet
facet normal 0.476964 0.878403 -0.0302316
  outer loop
    vertex -3.96548 -8.07929 3.49155
    vertex -5.04538 -7.45279 4.65738
    vertex -3.449 -8.31291 4.85225
  endloop
endfacet
facet normal 0.458126 0.88806 0.0383457
  outer loop
    vertex -3.96548 -8.07929 3.49155
    vertex -3.07009 -8.46017 1.61504
    vertex -4.93346 -7.52735 2.2736
  endloop
endfacet
facet normal 0.95894 0.283028 0.0181498
  outer loop
    vertex -8.70351 -2.29107 46.5704
    vertex -8.4032 -3.22277 45.2328
    vertex -8.83686 -1.70582 44.4901
  endloop
endfacet
facet normal 0.283028 0.95894 0.0181498
  outer loop
    vertex -3.22277 -8.4032 45.2328
    vertex -2.29107 -8.70351 46.5704
    vertex -1.70582 -8.83686 44.4901
  endloop
endfacet
facet normal 0.839209 0.543604 -0.0149463
  outer loop
    vertex -7.92667 -4.26239 6.52798
    vertex -7.14661 -5.47047 6.38865
    vertex -7.45279 -5.04538 4.65738
  endloop
endfacet
facet normal 0.543604 0.839209 -0.0149463
  outer loop
    vertex -5.47047 -7.14661 6.38865
    vertex -4.26239 -7.92667 6.52798
    vertex -5.04538 -7.45279 4.65738
  endloop
endfacet
facet normal 0.881233 0.471463 0.0339256
  outer loop
    vertex -8.42996 -3.15212 40.1667
    vertex -8.1979 -3.71408 41.9486
    vertex -7.44262 -5.06037 41.0393
  endloop
endfacet
facet normal 0.471463 0.881233 0.0339256
  outer loop
    vertex -3.71408 -8.1979 41.9486
    vertex -3.15212 -8.42996 40.1667
    vertex -5.06037 -7.44262 41.0393
  endloop
endfacet
facet normal 0.995063 0.0980052 -0.015617
  outer loop
    vertex -8.82707 -1.75581 50
    vertex -8.87443 -1.49816 48.5991
    vertex -9 0 50
  endloop
endfacet
facet normal 0.996506 0.083523 0
  outer loop
    vertex -8.87443 -1.49816 48.5991
    vertex -9 0 48
    vertex -9 0 50
  endloop
endfacet
facet normal 0.0980052 0.995063 -0.015617
  outer loop
    vertex -1.49816 -8.87443 48.5991
    vertex -1.75581 -8.82707 50
    vertex 0 -9 50
  endloop
endfacet
facet normal 0.083523 0.996506 -0
  outer loop
    vertex 0 -9 48
    vertex -1.49816 -8.87443 48.5991
    vertex 0 -9 50
  endloop
endfacet
facet normal 0.937151 0.347725 0.0289097
  outer loop
    vertex -8.07929 -3.96548 3.49155
    vertex -8.72236 -2.21821 3.32136
    vertex -8.31291 -3.449 4.85225
  endloop
endfacet
facet normal 0.938966 0.342953 -0.0269425
  outer loop
    vertex -8.46017 -3.07009 1.61504
    vertex -8.72236 -2.21821 3.32136
    vertex -8.07929 -3.96548 3.49155
  endloop
endfacet
facet normal 0.347725 0.937151 0.0289097
  outer loop
    vertex -2.21821 -8.72236 3.32136
    vertex -3.96548 -8.07929 3.49155
    vertex -3.449 -8.31291 4.85225
  endloop
endfacet
facet normal 0.342953 0.938966 -0.0269425
  outer loop
    vertex -2.21821 -8.72236 3.32136
    vertex -3.07009 -8.46017 1.61504
    vertex -3.96548 -8.07929 3.49155
  endloop
endfacet
facet normal 0.936532 0.349038 -0.0328582
  outer loop
    vertex -8.70351 -2.29107 46.5704
    vertex -8.08598 -3.95182 46.5298
    vertex -8.4032 -3.22277 45.2328
  endloop
endfacet
facet normal 0.937256 0.347975 0.0215631
  outer loop
    vertex -8.34975 -3.35882 48.4251
    vertex -8.08598 -3.95182 46.5298
    vertex -8.70351 -2.29107 46.5704
  endloop
endfacet
facet normal 0.349038 0.936532 -0.0328582
  outer loop
    vertex -3.95182 -8.08598 46.5298
    vertex -2.29107 -8.70351 46.5704
    vertex -3.22277 -8.4032 45.2328
  endloop
endfacet
facet normal 0.347975 0.937256 0.0215631
  outer loop
    vertex -3.95182 -8.08598 46.5298
    vertex -3.35882 -8.34975 48.4251
    vertex -2.29107 -8.70351 46.5704
  endloop
endfacet
facet normal 0.629522 0.776902 -0.0112141
  outer loop
    vertex -5.02357 -7.46751 43.031
    vertex -6.36396 -6.36396 44.239
    vertex -4.82183 -7.59934 45.2232
  endloop
endfacet
facet normal 0.776902 0.629522 -0.0112141
  outer loop
    vertex -6.36396 -6.36396 44.239
    vertex -7.46751 -5.02357 43.031
    vertex -7.59934 -4.82183 45.2232
  endloop
endfacet
facet normal 0.641875 0.766493 0.0220428
  outer loop
    vertex -6.36396 -6.36396 5.19184
    vertex -5.47047 -7.14661 6.38865
    vertex -5.04538 -7.45279 4.65738
  endloop
endfacet
facet normal 0.658904 0.752227 6.44323e-14
  outer loop
    vertex -6.36396 -6.36396 5.19184
    vertex -6.36396 -6.36396 7.43679
    vertex -5.47047 -7.14661 6.38865
  endloop
endfacet
facet normal 0.766493 0.641875 0.0220428
  outer loop
    vertex -7.14661 -5.47047 6.38865
    vertex -6.36396 -6.36396 5.19184
    vertex -7.45279 -5.04538 4.65738
  endloop
endfacet
facet normal 0.752227 0.658904 -6.33158e-14
  outer loop
    vertex -6.36396 -6.36396 7.43679
    vertex -6.36396 -6.36396 5.19184
    vertex -7.14661 -5.47047 6.38865
  endloop
endfacet
facet normal 0.77582 0.630954 -1.86785e-13
  outer loop
    vertex -6.36396 -6.36396 1.4311
    vertex -7.52735 -4.93346 2.2736
    vertex -6.36396 -6.36396 3.55897
  endloop
endfacet
facet normal 0.630954 0.77582 1.86759e-13
  outer loop
    vertex -4.93346 -7.52735 2.2736
    vertex -6.36396 -6.36396 1.4311
    vertex -6.36396 -6.36396 3.55897
  endloop
endfacet
facet normal 0.76693 0.641731 1.61267e-13
  outer loop
    vertex -7.38657 -5.14184 47.4772
    vertex -6.36396 -6.36396 48.5606
    vertex -6.36396 -6.36396 46.4091
  endloop
endfacet
facet normal 0.641731 0.76693 -1.61885e-13
  outer loop
    vertex -6.36396 -6.36396 48.5606
    vertex -5.14184 -7.38657 47.4772
    vertex -6.36396 -6.36396 46.4091
  endloop
endfacet
facet normal 0.281762 0.959362 0.0153178
  outer loop
    vertex -3.22277 -8.4032 45.2328
    vertex -1.70582 -8.83686 44.4901
    vertex -3.45822 -8.30907 43.6687
  endloop
endfacet
facet normal 0.959362 0.281762 0.0153178
  outer loop
    vertex -8.83686 -1.70582 44.4901
    vertex -8.4032 -3.22277 45.2328
    vertex -8.30907 -3.45822 43.6687
  endloop
endfacet
facet normal 0.361583 0.931516 -0.0391949
  outer loop
    vertex -2.17044 -8.73437 6.63069
    vertex -3.449 -8.31291 4.85225
    vertex -4.26239 -7.92667 6.52798
  endloop
endfacet
facet normal 0.290326 0.956758 0.0180151
  outer loop
    vertex -1.77356 -8.82352 4.96933
    vertex -3.449 -8.31291 4.85225
    vertex -2.17044 -8.73437 6.63069
  endloop
endfacet
facet normal 0.931516 0.361583 -0.0391949
  outer loop
    vertex -8.31291 -3.449 4.85225
    vertex -8.73437 -2.17044 6.63069
    vertex -7.92667 -4.26239 6.52798
  endloop
endfacet
facet normal 0.956758 0.290326 0.0180151
  outer loop
    vertex -8.31291 -3.449 4.85225
    vertex -8.82352 -1.77356 4.96933
    vertex -8.73437 -2.17044 6.63069
  endloop
endfacet
facet normal 0.121047 0.992207 -0.0295513
  outer loop
    vertex 0 -9 46
    vertex -1.70582 -8.83686 44.4901
    vertex -2.29107 -8.70351 46.5704
  endloop
endfacet
facet normal 0.992207 0.121047 -0.0295513
  outer loop
    vertex -8.83686 -1.70582 44.4901
    vertex -9 0 46
    vertex -8.70351 -2.29107 46.5704
  endloop
endfacet
facet normal 0.115133 0.9929 0.0298841
  outer loop
    vertex -1.77356 -8.82352 4.96933
    vertex 0 -9 4
    vertex -2.21821 -8.72236 3.32136
  endloop
endfacet
facet normal 0.9929 0.115133 0.0298841
  outer loop
    vertex -9 0 4
    vertex -8.82352 -1.77356 4.96933
    vertex -8.72236 -2.21821 3.32136
  endloop
endfacet
facet normal 0.901513 0.432553 0.0131456
  outer loop
    vertex -8.42996 -3.15212 40.1667
    vertex -7.61527 -4.79663 38.4087
    vertex -8.52477 -2.88589 37.9086
  endloop
endfacet
facet normal 0.89047 0.45486 -0.0128381
  outer loop
    vertex -7.44262 -5.06037 41.0393
    vertex -7.61527 -4.79663 38.4087
    vertex -8.42996 -3.15212 40.1667
  endloop
endfacet
facet normal 0.432553 0.901513 0.0131456
  outer loop
    vertex -4.79663 -7.61527 38.4087
    vertex -3.15212 -8.42996 40.1667
    vertex -2.88589 -8.52477 37.9086
  endloop
endfacet
facet normal 0.45486 0.89047 -0.0128381
  outer loop
    vertex -4.79663 -7.61527 38.4087
    vertex -5.06037 -7.44262 41.0393
    vertex -3.15212 -8.42996 40.1667
  endloop
endfacet
facet normal 0.649486 0.760373 4.65704e-16
  outer loop
    vertex -6.36396 -6.36396 17.0888
    vertex -5.2908 -7.28062 16.0451
    vertex -6.36396 -6.36396 14.9438
  endloop
endfacet
facet normal 0.760373 0.649486 -1.06351e-15
  outer loop
    vertex -7.28062 -5.2908 16.0451
    vertex -6.36396 -6.36396 17.0888
    vertex -6.36396 -6.36396 14.9438
  endloop
endfacet
facet normal 0.649448 0.760406 -1.43544e-16
  outer loop
    vertex -6.36396 -6.36396 31.0972
    vertex -5.29007 -7.28115 30.0919
    vertex -6.36396 -6.36396 29.0375
  endloop
endfacet
facet normal 0.760406 0.649448 1.52673e-16
  outer loop
    vertex -7.28115 -5.29007 30.0919
    vertex -6.36396 -6.36396 31.0972
    vertex -6.36396 -6.36396 29.0375
  endloop
endfacet
facet normal 0.895211 0.445247 -0.018778
  outer loop
    vertex -7.63347 -4.76762 11.7092
    vertex -8.23693 -3.62671 9.99237
    vertex -8.42797 -3.15743 12.012
  endloop
endfacet
facet normal 0.445247 0.895211 -0.018778
  outer loop
    vertex -3.62671 -8.23693 9.99237
    vertex -4.76762 -7.63347 11.7092
    vertex -3.15743 -8.42797 12.012
  endloop
endfacet
facet normal 0.782076 0.623028 -0.0139329
  outer loop
    vertex -7.70383 -4.65307 28.3598
    vertex -6.36396 -6.36396 27.0638
    vertex -7.56617 -4.87372 26.2203
  endloop
endfacet
facet normal 0.623028 0.782076 -0.0139329
  outer loop
    vertex -6.36396 -6.36396 27.0638
    vertex -4.65307 -7.70383 28.3598
    vertex -4.87372 -7.56617 26.2203
  endloop
endfacet
facet normal 0.778896 0.625869 0.0400995
  outer loop
    vertex -7.28115 -5.29007 30.0919
    vertex -6.36396 -6.36396 29.0375
    vertex -7.70383 -4.65307 28.3598
  endloop
endfacet
facet normal 0.867961 0.495757 -0.0294823
  outer loop
    vertex -8.26439 -3.56369 30.1752
    vertex -7.28115 -5.29007 30.0919
    vertex -7.70383 -4.65307 28.3598
  endloop
endfacet
facet normal 0.625869 0.778896 0.0400995
  outer loop
    vertex -6.36396 -6.36396 29.0375
    vertex -5.29007 -7.28115 30.0919
    vertex -4.65307 -7.70383 28.3598
  endloop
endfacet
facet normal 0.495757 0.867961 -0.0294823
  outer loop
    vertex -5.29007 -7.28115 30.0919
    vertex -3.56369 -8.26439 30.1752
    vertex -4.65307 -7.70383 28.3598
  endloop
endfacet
facet normal 0.772407 0.634667 0.0241994
  outer loop
    vertex -7.24865 -5.33452 36.3489
    vertex -6.36396 -6.36396 35.1098
    vertex -7.5962 -4.82677 34.1258
  endloop
endfacet
facet normal 0.858053 0.513283 -0.0169135
  outer loop
    vertex -8.11933 -3.88285 36.2324
    vertex -7.24865 -5.33452 36.3489
    vertex -7.5962 -4.82677 34.1258
  endloop
endfacet
facet normal 0.634667 0.772407 0.0241994
  outer loop
    vertex -6.36396 -6.36396 35.1098
    vertex -5.33452 -7.24865 36.3489
    vertex -4.82677 -7.5962 34.1258
  endloop
endfacet
facet normal 0.513283 0.858053 -0.0169135
  outer loop
    vertex -5.33452 -7.24865 36.3489
    vertex -3.88285 -8.11933 36.2324
    vertex -4.82677 -7.5962 34.1258
  endloop
endfacet
facet normal 0.779271 0.62668 0.00308015
  outer loop
    vertex -6.36396 -6.36396 25.2662
    vertex -7.59848 -4.82319 24.1141
    vertex -7.56617 -4.87372 26.2203
  endloop
endfacet
facet normal 0.885387 0.464849 -0.0024305
  outer loop
    vertex -7.59848 -4.82319 24.1141
    vertex -8.29724 -3.48651 25.2149
    vertex -7.56617 -4.87372 26.2203
  endloop
endfacet
facet normal 0.897148 0.440359 0.034775
  outer loop
    vertex -8.29724 -3.48651 25.2149
    vertex -7.59848 -4.82319 24.1141
    vertex -8.50782 -2.93548 23.6696
  endloop
endfacet
facet normal 0.62668 0.779271 0.00308015
  outer loop
    vertex -4.82319 -7.59848 24.1141
    vertex -6.36396 -6.36396 25.2662
    vertex -4.87372 -7.56617 26.2203
  endloop
endfacet
facet normal 0.464849 0.885387 -0.0024305
  outer loop
    vertex -3.48651 -8.29724 25.2149
    vertex -4.82319 -7.59848 24.1141
    vertex -4.87372 -7.56617 26.2203
  endloop
endfacet
facet normal 0.440359 0.897148 0.034775
  outer loop
    vertex -4.82319 -7.59848 24.1141
    vertex -3.48651 -8.29724 25.2149
    vertex -2.93548 -8.50782 23.6696
  endloop
endfacet
facet normal 0.100638 0.994923 -0
  outer loop
    vertex 0 -9 24
    vertex -1.80229 -8.8177 25.1884
    vertex 0 -9 26
  endloop
endfacet
facet normal 0.29479 0.955234 -0.0250512
  outer loop
    vertex -3.48651 -8.29724 25.2149
    vertex -1.80229 -8.8177 25.1884
    vertex -2.93548 -8.50782 23.6696
  endloop
endfacet
facet normal 0.994923 0.100638 0
  outer loop
    vertex -8.8177 -1.80229 25.1884
    vertex -9 0 24
    vertex -9 0 26
  endloop
endfacet
facet normal 0.955234 0.29479 -0.0250512
  outer loop
    vertex -8.8177 -1.80229 25.1884
    vertex -8.29724 -3.48651 25.2149
    vertex -8.50782 -2.93548 23.6696
  endloop
endfacet
facet normal 0.282843 0.95907 0.0135659
  outer loop
    vertex -2.99717 -8.48628 34.0786
    vertex -1.71693 -8.83471 32.0192
    vertex -3.33499 -8.3593 32.1445
  endloop
endfacet
facet normal 0.261255 0.965269 -0.000903755
  outer loop
    vertex -2.99717 -8.48628 34.0786
    vertex -1.69323 -8.83928 33.9862
    vertex -1.71693 -8.83471 32.0192
  endloop
endfacet
facet normal 0.95907 0.282843 0.0135659
  outer loop
    vertex -8.83471 -1.71693 32.0192
    vertex -8.48628 -2.99717 34.0786
    vertex -8.3593 -3.33499 32.1445
  endloop
endfacet
facet normal 0.965269 0.261255 -0.000903755
  outer loop
    vertex -8.83928 -1.69323 33.9862
    vertex -8.48628 -2.99717 34.0786
    vertex -8.83471 -1.71693 32.0192
  endloop
endfacet
facet normal 0.777101 0.629294 -0.0101818
  outer loop
    vertex -6.36396 -6.36396 33.1664
    vertex -7.46852 -5.02207 31.8002
    vertex -7.5962 -4.82677 34.1258
  endloop
endfacet
facet normal 0.629294 0.777101 -0.0101818
  outer loop
    vertex -5.02207 -7.46852 31.8002
    vertex -6.36396 -6.36396 33.1664
    vertex -4.82677 -7.5962 34.1258
  endloop
endfacet
facet normal 0.64238 0.766295 0.0118532
  outer loop
    vertex -6.36396 -6.36396 14.9438
    vertex -5.2908 -7.28062 16.0451
    vertex -5.06167 -7.44174 14.0436
  endloop
endfacet
facet normal 0.480383 0.877055 0.00260809
  outer loop
    vertex -3.53746 -8.27565 13.7293
    vertex -5.06167 -7.44174 14.0436
    vertex -3.59834 -8.24936 16.1019
  endloop
endfacet
facet normal 0.49705 0.867625 -0.0129418
  outer loop
    vertex -5.2908 -7.28062 16.0451
    vertex -3.59834 -8.24936 16.1019
    vertex -5.06167 -7.44174 14.0436
  endloop
endfacet
facet normal 0.766295 0.64238 0.0118532
  outer loop
    vertex -7.28062 -5.2908 16.0451
    vertex -6.36396 -6.36396 14.9438
    vertex -7.44174 -5.06167 14.0436
  endloop
endfacet
facet normal 0.877055 0.480383 0.00260809
  outer loop
    vertex -7.44174 -5.06167 14.0436
    vertex -8.27565 -3.53746 13.7293
    vertex -8.24936 -3.59834 16.1019
  endloop
endfacet
facet normal 0.867625 0.49705 -0.0129418
  outer loop
    vertex -8.24936 -3.59834 16.1019
    vertex -7.28062 -5.2908 16.0451
    vertex -7.44174 -5.06167 14.0436
  endloop
endfacet
facet normal 0.477168 0.878808 0.00270389
  outer loop
    vertex -3.62671 -8.23693 9.99237
    vertex -3.56675 -8.26307 7.9069
    vertex -4.97784 -7.49807 8.29288
  endloop
endfacet
facet normal 0.878808 0.477168 0.00270389
  outer loop
    vertex -8.26307 -3.56675 7.9069
    vertex -8.23693 -3.62671 9.99237
    vertex -7.49807 -4.97784 8.29288
  endloop
endfacet
facet normal 0.756588 0.653892 -0
  outer loop
    vertex -6.36396 -6.36396 21.2046
    vertex -7.21866 -5.37503 22.2948
    vertex -6.36396 -6.36396 23.2024
  endloop
endfacet
facet normal 0.768045 0.640033 0.0215556
  outer loop
    vertex -7.21866 -5.37503 22.2948
    vertex -6.36396 -6.36396 21.2046
    vertex -7.53105 -4.92781 20.1465
  endloop
endfacet
facet normal 0.856494 0.515871 -0.0171536
  outer loop
    vertex -8.11601 -3.88978 22.1562
    vertex -7.21866 -5.37503 22.2948
    vertex -7.53105 -4.92781 20.1465
  endloop
endfacet
facet normal 0.653892 0.756588 0
  outer loop
    vertex -5.37503 -7.21866 22.2948
    vertex -6.36396 -6.36396 21.2046
    vertex -6.36396 -6.36396 23.2024
  endloop
endfacet
facet normal 0.640033 0.768045 0.0215556
  outer loop
    vertex -6.36396 -6.36396 21.2046
    vertex -5.37503 -7.21866 22.2948
    vertex -4.92781 -7.53105 20.1465
  endloop
endfacet
facet normal 0.515871 0.856494 -0.0171536
  outer loop
    vertex -5.37503 -7.21866 22.2948
    vertex -3.88978 -8.11601 22.1562
    vertex -4.92781 -7.53105 20.1465
  endloop
endfacet
facet normal 0.0958543 0.995395 -0
  outer loop
    vertex 0 -9 18
    vertex -1.71743 -8.83462 18.0333
    vertex 0 -9 20
  endloop
endfacet
facet normal 0.311165 0.949817 0.0320145
  outer loop
    vertex -3.20959 -8.40824 19.8865
    vertex -1.71743 -8.83462 18.0333
    vertex -3.75303 -8.18014 18.4012
  endloop
endfacet
facet normal 0.273555 0.961856 -0.00103715
  outer loop
    vertex -3.20959 -8.40824 19.8865
    vertex -1.69387 -8.83916 20.0303
    vertex -1.71743 -8.83462 18.0333
  endloop
endfacet
facet normal 0.0945475 0.99552 0.0011516
  outer loop
    vertex -1.69387 -8.83916 20.0303
    vertex 0 -9 20
    vertex -1.71743 -8.83462 18.0333
  endloop
endfacet
facet normal 0.995395 0.0958543 0
  outer loop
    vertex -8.83462 -1.71743 18.0333
    vertex -9 0 18
    vertex -9 0 20
  endloop
endfacet
facet normal 0.949817 0.311165 0.0320145
  outer loop
    vertex -8.83462 -1.71743 18.0333
    vertex -8.40824 -3.20959 19.8865
    vertex -8.18014 -3.75303 18.4012
  endloop
endfacet
facet normal 0.961856 0.273555 -0.00103715
  outer loop
    vertex -8.83916 -1.69387 20.0303
    vertex -8.40824 -3.20959 19.8865
    vertex -8.83462 -1.71743 18.0333
  endloop
endfacet
facet normal 0.99552 0.0945475 0.0011516
  outer loop
    vertex -9 0 20
    vertex -8.83916 -1.69387 20.0303
    vertex -8.83462 -1.71743 18.0333
  endloop
endfacet
facet normal 0.773288 0.633993 -0.00888317
  outer loop
    vertex -6.36396 -6.36396 19.2442
    vertex -7.41096 -5.10663 17.8379
    vertex -7.53105 -4.92781 20.1465
  endloop
endfacet
facet normal 0.633993 0.773288 -0.00888317
  outer loop
    vertex -5.10663 -7.41096 17.8379
    vertex -6.36396 -6.36396 19.2442
    vertex -4.92781 -7.53105 20.1465
  endloop
endfacet
facet normal 0.772079 0.635527 -9.69534e-17
  outer loop
    vertex -6.36396 -6.36396 33.1664
    vertex -6.36396 -6.36396 31.0972
    vertex -7.46852 -5.02207 31.8002
  endloop
endfacet
facet normal 0.883239 0.468772 -0.0118727
  outer loop
    vertex -7.46852 -5.02207 31.8002
    vertex -8.26439 -3.56369 30.1752
    vertex -8.3593 -3.33499 32.1445
  endloop
endfacet
facet normal 0.869182 0.494172 0.0178083
  outer loop
    vertex -7.28115 -5.29007 30.0919
    vertex -8.26439 -3.56369 30.1752
    vertex -7.46852 -5.02207 31.8002
  endloop
endfacet
facet normal 0.767777 0.64051 -0.016273
  outer loop
    vertex -7.28115 -5.29007 30.0919
    vertex -7.46852 -5.02207 31.8002
    vertex -6.36396 -6.36396 31.0972
  endloop
endfacet
facet normal 0.635527 0.772079 -5.07254e-16
  outer loop
    vertex -6.36396 -6.36396 31.0972
    vertex -6.36396 -6.36396 33.1664
    vertex -5.02207 -7.46852 31.8002
  endloop
endfacet
facet normal 0.468772 0.883239 -0.0118727
  outer loop
    vertex -3.56369 -8.26439 30.1752
    vertex -5.02207 -7.46852 31.8002
    vertex -3.33499 -8.3593 32.1445
  endloop
endfacet
facet normal 0.494172 0.869182 0.0178083
  outer loop
    vertex -3.56369 -8.26439 30.1752
    vertex -5.29007 -7.28115 30.0919
    vertex -5.02207 -7.46852 31.8002
  endloop
endfacet
facet normal 0.64051 0.767777 -0.016273
  outer loop
    vertex -5.02207 -7.46852 31.8002
    vertex -5.29007 -7.28115 30.0919
    vertex -6.36396 -6.36396 31.0972
  endloop
endfacet
facet normal 0.952403 0.304733 -0.00816884
  outer loop
    vertex -8.24936 -3.59834 16.1019
    vertex -8.83462 -1.71743 18.0333
    vertex -8.18014 -3.75303 18.4012
  endloop
endfacet
facet normal 0.959361 0.281708 0.0163621
  outer loop
    vertex -8.24936 -3.59834 16.1019
    vertex -8.89029 -1.40096 15.8491
    vertex -8.83462 -1.71743 18.0333
  endloop
endfacet
facet normal 0.304733 0.952403 -0.00816884
  outer loop
    vertex -1.71743 -8.83462 18.0333
    vertex -3.59834 -8.24936 16.1019
    vertex -3.75303 -8.18014 18.4012
  endloop
endfacet
facet normal 0.281708 0.959361 0.0163621
  outer loop
    vertex -1.40096 -8.89029 15.8491
    vertex -3.59834 -8.24936 16.1019
    vertex -1.71743 -8.83462 18.0333
  endloop
endfacet
facet normal 0.768455 0.639904 -3.18998e-16
  outer loop
    vertex -6.36396 -6.36396 19.2442
    vertex -6.36396 -6.36396 17.0888
    vertex -7.41096 -5.10663 17.8379
  endloop
endfacet
facet normal 0.870638 0.491876 0.00688327
  outer loop
    vertex -7.41096 -5.10663 17.8379
    vertex -8.24936 -3.59834 16.1019
    vertex -8.18014 -3.75303 18.4012
  endloop
endfacet
facet normal 0.867997 0.496422 0.012108
  outer loop
    vertex -7.28062 -5.2908 16.0451
    vertex -8.24936 -3.59834 16.1019
    vertex -7.41096 -5.10663 17.8379
  endloop
endfacet
facet normal 0.765337 0.643545 -0.0104681
  outer loop
    vertex -7.28062 -5.2908 16.0451
    vertex -7.41096 -5.10663 17.8379
    vertex -6.36396 -6.36396 17.0888
  endloop
endfacet
facet normal 0.639904 0.768455 8.99326e-16
  outer loop
    vertex -6.36396 -6.36396 17.0888
    vertex -6.36396 -6.36396 19.2442
    vertex -5.10663 -7.41096 17.8379
  endloop
endfacet
facet normal 0.491876 0.870638 0.00688327
  outer loop
    vertex -3.59834 -8.24936 16.1019
    vertex -5.10663 -7.41096 17.8379
    vertex -3.75303 -8.18014 18.4012
  endloop
endfacet
facet normal 0.496422 0.867997 0.012108
  outer loop
    vertex -3.59834 -8.24936 16.1019
    vertex -5.2908 -7.28062 16.0451
    vertex -5.10663 -7.41096 17.8379
  endloop
endfacet
facet normal 0.643545 0.765337 -0.0104681
  outer loop
    vertex -5.10663 -7.41096 17.8379
    vertex -5.2908 -7.28062 16.0451
    vertex -6.36396 -6.36396 17.0888
  endloop
endfacet
facet normal 0.7804 0.625281 -0
  outer loop
    vertex -6.36396 -6.36396 23.2024
    vertex -7.59848 -4.82319 24.1141
    vertex -6.36396 -6.36396 25.2662
  endloop
endfacet
facet normal 0.770618 0.636485 -0.0321793
  outer loop
    vertex -6.36396 -6.36396 23.2024
    vertex -7.21866 -5.37503 22.2948
    vertex -7.59848 -4.82319 24.1141
  endloop
endfacet
facet normal 0.903582 0.426959 -0.0352949
  outer loop
    vertex -8.50782 -2.93548 23.6696
    vertex -7.59848 -4.82319 24.1141
    vertex -8.11601 -3.88978 22.1562
  endloop
endfacet
facet normal 0.854843 0.518453 0.0212054
  outer loop
    vertex -7.21866 -5.37503 22.2948
    vertex -8.11601 -3.88978 22.1562
    vertex -7.59848 -4.82319 24.1141
  endloop
endfacet
facet normal 0.625281 0.7804 0
  outer loop
    vertex -4.82319 -7.59848 24.1141
    vertex -6.36396 -6.36396 23.2024
    vertex -6.36396 -6.36396 25.2662
  endloop
endfacet
facet normal 0.636485 0.770618 -0.0321793
  outer loop
    vertex -5.37503 -7.21866 22.2948
    vertex -6.36396 -6.36396 23.2024
    vertex -4.82319 -7.59848 24.1141
  endloop
endfacet
facet normal 0.426959 0.903582 -0.0352949
  outer loop
    vertex -4.82319 -7.59848 24.1141
    vertex -2.93548 -8.50782 23.6696
    vertex -3.88978 -8.11601 22.1562
  endloop
endfacet
facet normal 0.518453 0.854843 0.0212054
  outer loop
    vertex -3.88978 -8.11601 22.1562
    vertex -5.37503 -7.21866 22.2948
    vertex -4.82319 -7.59848 24.1141
  endloop
endfacet
facet normal 0.939996 0.34066 -0.0189384
  outer loop
    vertex -8.7099 -2.26664 21.8756
    vertex -8.11601 -3.88978 22.1562
    vertex -8.40824 -3.20959 19.8865
  endloop
endfacet
facet normal 0.962166 0.271933 0.017006
  outer loop
    vertex -8.40824 -3.20959 19.8865
    vertex -8.83916 -1.69387 20.0303
    vertex -8.7099 -2.26664 21.8756
  endloop
endfacet
facet normal 0.34066 0.939996 -0.0189384
  outer loop
    vertex -3.88978 -8.11601 22.1562
    vertex -2.26664 -8.7099 21.8756
    vertex -3.20959 -8.40824 19.8865
  endloop
endfacet
facet normal 0.271933 0.962166 0.017006
  outer loop
    vertex -1.69387 -8.83916 20.0303
    vertex -3.20959 -8.40824 19.8865
    vertex -2.26664 -8.7099 21.8756
  endloop
endfacet
facet normal 0.347142 0.93751 0.0238172
  outer loop
    vertex -2.26664 -8.7099 21.8756
    vertex -3.88978 -8.11601 22.1562
    vertex -2.93548 -8.50782 23.6696
  endloop
endfacet
facet normal 0.93751 0.347142 0.0238172
  outer loop
    vertex -8.11601 -3.88978 22.1562
    vertex -8.7099 -2.26664 21.8756
    vertex -8.50782 -2.93548 23.6696
  endloop
endfacet
facet normal 0.338591 0.940699 -0.021037
  outer loop
    vertex -3.88285 -8.11933 36.2324
    vertex -2.24874 -8.71454 35.9177
    vertex -2.99717 -8.48628 34.0786
  endloop
endfacet
facet normal 0.262155 0.964937 0.0130753
  outer loop
    vertex -1.69323 -8.83928 33.9862
    vertex -2.99717 -8.48628 34.0786
    vertex -2.24874 -8.71454 35.9177
  endloop
endfacet
facet normal 0.940699 0.338591 -0.021037
  outer loop
    vertex -8.71454 -2.24874 35.9177
    vertex -8.11933 -3.88285 36.2324
    vertex -8.48628 -2.99717 34.0786
  endloop
endfacet
facet normal 0.964937 0.262155 0.0130753
  outer loop
    vertex -8.48628 -2.99717 34.0786
    vertex -8.83928 -1.69323 33.9862
    vertex -8.71454 -2.24874 35.9177
  endloop
endfacet
facet normal 0.938077 0.345776 0.0212428
  outer loop
    vertex -8.11933 -3.88285 36.2324
    vertex -8.71454 -2.24874 35.9177
    vertex -8.52477 -2.88589 37.9086
  endloop
endfacet
facet normal 0.345776 0.938077 0.0212428
  outer loop
    vertex -2.24874 -8.71454 35.9177
    vertex -3.88285 -8.11933 36.2324
    vertex -2.88589 -8.52477 37.9086
  endloop
endfacet
facet normal 0.1005 0.994937 -0
  outer loop
    vertex 0 -9 12
    vertex -1.79985 -8.81819 13.385
    vertex 0 -9 14
  endloop
endfacet
facet normal 0.0989274 0.995093 -0.00206432
  outer loop
    vertex 0 -9 12
    vertex -1.75397 -8.82743 11.13
    vertex -1.79985 -8.81819 13.385
  endloop
endfacet
facet normal 0.29445 0.955466 -0.0195856
  outer loop
    vertex -3.53746 -8.27565 13.7293
    vertex -1.79985 -8.81819 13.385
    vertex -3.15743 -8.42797 12.012
  endloop
endfacet
facet normal 0.274715 0.961524 0.00164897
  outer loop
    vertex -1.75397 -8.82743 11.13
    vertex -3.15743 -8.42797 12.012
    vertex -1.79985 -8.81819 13.385
  endloop
endfacet
facet normal 0.994937 0.1005 0
  outer loop
    vertex -8.81819 -1.79985 13.385
    vertex -9 0 12
    vertex -9 0 14
  endloop
endfacet
facet normal 0.995093 0.0989274 -0.00206432
  outer loop
    vertex -8.82743 -1.75397 11.13
    vertex -9 0 12
    vertex -8.81819 -1.79985 13.385
  endloop
endfacet
facet normal 0.955466 0.29445 -0.0195856
  outer loop
    vertex -8.81819 -1.79985 13.385
    vertex -8.27565 -3.53746 13.7293
    vertex -8.42797 -3.15743 12.012
  endloop
endfacet
facet normal 0.961524 0.274715 0.00164897
  outer loop
    vertex -8.42797 -3.15743 12.012
    vertex -8.82743 -1.75397 11.13
    vertex -8.81819 -1.79985 13.385
  endloop
endfacet
facet normal 0.0903668 0.995909 0
  outer loop
    vertex -1.61995 -8.85301 39.0083
    vertex 0 -9 40
    vertex 0 -9 38
  endloop
endfacet
facet normal 0.259108 0.965797 -0.010002
  outer loop
    vertex -3.15212 -8.42996 40.1667
    vertex -1.61995 -8.85301 39.0083
    vertex -2.88589 -8.52477 37.9086
  endloop
endfacet
facet normal 0.995909 0.0903668 0
  outer loop
    vertex -9 0 40
    vertex -8.85301 -1.61995 39.0083
    vertex -9 0 38
  endloop
endfacet
facet normal 0.965797 0.259108 -0.010002
  outer loop
    vertex -8.85301 -1.61995 39.0083
    vertex -8.42996 -3.15212 40.1667
    vertex -8.52477 -2.88589 37.9086
  endloop
endfacet
facet normal 0.0979135 0.995195 -0
  outer loop
    vertex 0 -9 10
    vertex -1.75397 -8.82743 11.13
    vertex 0 -9 12
  endloop
endfacet
facet normal 0.287473 0.957494 0.0237743
  outer loop
    vertex -1.75397 -8.82743 11.13
    vertex -3.62671 -8.23693 9.99237
    vertex -3.15743 -8.42797 12.012
  endloop
endfacet
facet normal 0.995195 0.0979135 0
  outer loop
    vertex -8.82743 -1.75397 11.13
    vertex -9 0 10
    vertex -9 0 12
  endloop
endfacet
facet normal 0.957494 0.287473 0.0237743
  outer loop
    vertex -8.23693 -3.62671 9.99237
    vertex -8.82743 -1.75397 11.13
    vertex -8.42797 -3.15743 12.012
  endloop
endfacet
facet normal 0.112692 0.99363 0
  outer loop
    vertex -2.01553 -8.77141 42.3826
    vertex 0 -9 44
    vertex 0 -9 42
  endloop
endfacet
facet normal 0.0998076 0.994874 0.0162314
  outer loop
    vertex 0 -9 44
    vertex -2.01553 -8.77141 42.3826
    vertex -1.70582 -8.83686 44.4901
  endloop
endfacet
facet normal 0.31661 0.948449 0.0142045
  outer loop
    vertex -3.71408 -8.1979 41.9486
    vertex -3.45822 -8.30907 43.6687
    vertex -2.01553 -8.77141 42.3826
  endloop
endfacet
facet normal 0.294177 0.955655 -0.0135507
  outer loop
    vertex -3.45822 -8.30907 43.6687
    vertex -1.70582 -8.83686 44.4901
    vertex -2.01553 -8.77141 42.3826
  endloop
endfacet
facet normal 0.324595 0.945625 -0.0207784
  outer loop
    vertex -3.15212 -8.42996 40.1667
    vertex -3.71408 -8.1979 41.9486
    vertex -2.01553 -8.77141 42.3826
  endloop
endfacet
facet normal 0.99363 0.112692 0
  outer loop
    vertex -9 0 44
    vertex -8.77141 -2.01553 42.3826
    vertex -9 0 42
  endloop
endfacet
facet normal 0.994874 0.0998076 0.0162314
  outer loop
    vertex -8.77141 -2.01553 42.3826
    vertex -9 0 44
    vertex -8.83686 -1.70582 44.4901
  endloop
endfacet
facet normal 0.948449 0.31661 0.0142045
  outer loop
    vertex -8.30907 -3.45822 43.6687
    vertex -8.1979 -3.71408 41.9486
    vertex -8.77141 -2.01553 42.3826
  endloop
endfacet
facet normal 0.955655 0.294177 -0.0135507
  outer loop
    vertex -8.83686 -1.70582 44.4901
    vertex -8.30907 -3.45822 43.6687
    vertex -8.77141 -2.01553 42.3826
  endloop
endfacet
facet normal 0.945625 0.324595 -0.0207784
  outer loop
    vertex -8.1979 -3.71408 41.9486
    vertex -8.42996 -3.15212 40.1667
    vertex -8.77141 -2.01553 42.3826
  endloop
endfacet
facet normal 0.104934 0.994479 0
  outer loop
    vertex -1.87839 -8.8018 8.98916
    vertex 0 -9 10
    vertex 0 -9 8
  endloop
endfacet
facet normal 0.101739 0.994793 0.00599932
  outer loop
    vertex -1.75397 -8.82743 11.13
    vertex 0 -9 10
    vertex -1.87839 -8.8018 8.98916
  endloop
endfacet
facet normal 0.305811 0.952087 -0.00314188
  outer loop
    vertex -3.56675 -8.26307 7.9069
    vertex -3.62671 -8.23693 9.99237
    vertex -1.87839 -8.8018 8.98916
  endloop
endfacet
facet normal 0.304179 0.952594 -0.00627095
  outer loop
    vertex -1.75397 -8.82743 11.13
    vertex -1.87839 -8.8018 8.98916
    vertex -3.62671 -8.23693 9.99237
  endloop
endfacet
facet normal 0.994479 0.104934 0
  outer loop
    vertex -9 0 10
    vertex -8.8018 -1.87839 8.98916
    vertex -9 0 8
  endloop
endfacet
facet normal 0.994793 0.101739 0.00599932
  outer loop
    vertex -9 0 10
    vertex -8.82743 -1.75397 11.13
    vertex -8.8018 -1.87839 8.98916
  endloop
endfacet
facet normal 0.952087 0.305811 -0.00314188
  outer loop
    vertex -8.23693 -3.62671 9.99237
    vertex -8.26307 -3.56675 7.9069
    vertex -8.8018 -1.87839 8.98916
  endloop
endfacet
facet normal 0.952594 0.304179 -0.00627095
  outer loop
    vertex -8.8018 -1.87839 8.98916
    vertex -8.82743 -1.75397 11.13
    vertex -8.23693 -3.62671 9.99237
  endloop
endfacet
facet normal 0.992594 0.12148 -0
  outer loop
    vertex -9 0 6
    vertex -9 0 8
    vertex -8.73437 -2.17044 6.63069
  endloop
endfacet
facet normal 0.993142 0.113972 -0.0260669
  outer loop
    vertex -8.82352 -1.77356 4.96933
    vertex -9 0 6
    vertex -8.73437 -2.17044 6.63069
  endloop
endfacet
facet normal 0.12148 0.992594 0
  outer loop
    vertex 0 -9 8
    vertex 0 -9 6
    vertex -2.17044 -8.73437 6.63069
  endloop
endfacet
facet normal 0.113972 0.993142 -0.0260669
  outer loop
    vertex 0 -9 6
    vertex -1.77356 -8.82352 4.96933
    vertex -2.17044 -8.73437 6.63069
  endloop
endfacet
facet normal 0.47163 0.8815 -0.0228775
  outer loop
    vertex -4.97784 -7.49807 8.29288
    vertex -3.56675 -8.26307 7.9069
    vertex -4.26239 -7.92667 6.52798
  endloop
