solid Created by Gmsh
facet normal 0.972032 0.233364 0.0263433
  outer loop
    vertex -8.8892 -1.40791 0
    vertex -8.74874 -2.11177 1.05255
    vertex -8.55951 -2.78115 0
  endloop
endfacet
facet normal 0.972033 0.233365 -0.0263133
  outer loop
    vertex -8.74874 -2.11177 48.9463
    vertex -8.8892 -1.40791 50
    vertex -8.55951 -2.78115 50
  endloop
endfacet
facet normal 0.0708756 0.997485 0
  outer loop
    vertex -1.27255 -8.90958 6.04982
    vertex 0 -9 7.35294
    vertex 0 -9 5.88235
  endloop
endfacet
facet normal 0.997485 0.0708756 0
  outer loop
    vertex -9 0 7.35294
    vertex -8.90958 -1.27255 6.04982
    vertex -9 0 5.88235
  endloop
endfacet
facet normal 0.894481 0.446865 0.0147002
  outer loop
    vertex -7.71651 -4.63201 4.2157
    vertex -8.32221 -3.42649 4.42555
    vertex -8.19531 -3.71979 5.62009
  endloop
endfacet
facet normal 0.446865 0.894481 0.0147002
  outer loop
    vertex -3.42649 -8.32221 4.42555
    vertex -4.63201 -7.71651 4.2157
    vertex -3.71979 -8.19531 5.62009
  endloop
endfacet
facet normal 0.923681 0.382601 0.0207339
  outer loop
    vertex -8.30255 -3.47384 1.33504
    vertex -8.01906 -4.08591 0
    vertex -8.55951 -2.78115 0
  endloop
endfacet
facet normal 0.951499 0.306713 -0.0239952
  outer loop
    vertex -8.74874 -2.11177 1.05255
    vertex -8.30255 -3.47384 1.33504
    vertex -8.55951 -2.78115 0
  endloop
endfacet
facet normal 0.382601 0.923681 0.0207339
  outer loop
    vertex -4.08591 -8.01906 0
    vertex -3.47384 -8.30255 1.33504
    vertex -2.78115 -8.55951 0
  endloop
endfacet
facet normal 0.306713 0.951499 -0.0239952
  outer loop
    vertex -3.47384 -8.30255 1.33504
    vertex -2.11177 -8.74874 1.05255
    vertex -2.78115 -8.55951 0
  endloop
endfacet
facet normal 0.923683 0.382602 -0.020639
  outer loop
    vertex -8.01906 -4.08591 50
    vertex -8.30146 -3.47645 48.6593
    vertex -8.55951 -2.78115 50
  endloop
endfacet
facet normal 0.951472 0.306795 0.0240246
  outer loop
    vertex -8.30146 -3.47645 48.6593
    vertex -8.74874 -2.11177 48.9463
    vertex -8.55951 -2.78115 50
  endloop
endfacet
facet normal 0.382602 0.923683 -0.020639
  outer loop
    vertex -3.47645 -8.30146 48.6593
    vertex -4.08591 -8.01906 50
    vertex -2.78115 -8.55951 50
  endloop
endfacet
facet normal 0.306795 0.951472 0.0240246
  outer loop
    vertex -2.11177 -8.74874 48.9463
    vertex -3.47645 -8.30146 48.6593
    vertex -2.78115 -8.55951 50
  endloop
endfacet
facet normal 0.998307 0.0581637 0
  outer loop
    vertex -8.93911 -1.04517 2.04606
    vertex -9 0 1.47059
    vertex -9 0 2.94118
  endloop
endfacet
facet normal 0.998307 0.0581637 0
  outer loop
    vertex -9 0 48.5294
    vertex -8.93911 -1.04517 47.951
    vertex -9 0 47.0588
  endloop
endfacet
facet normal 0.0581637 0.998307 -0
  outer loop
    vertex 0 -9 1.47059
    vertex -1.04517 -8.93911 2.04606
    vertex 0 -9 2.94118
  endloop
endfacet
facet normal 0.0581637 0.998307 0
  outer loop
    vertex -1.04517 -8.93911 47.951
    vertex 0 -9 48.5294
    vertex 0 -9 47.0588
  endloop
endfacet
facet normal 0.233364 0.972032 0.0263433
  outer loop
    vertex -2.11177 -8.74874 1.05255
    vertex -1.40791 -8.8892 0
    vertex -2.78115 -8.55951 0
  endloop
endfacet
facet normal 0.233365 0.972033 -0.0263133
  outer loop
    vertex -1.40791 -8.8892 50
    vertex -2.11177 -8.74874 48.9463
    vertex -2.78115 -8.55951 50
  endloop
endfacet
facet normal 0.522304 0.852322 -0.0273078
  outer loop
    vertex -4.08591 -8.01906 50
    vertex -4.59864 -7.73644 49.0143
    vertex -5.29007 -7.28115 50
  endloop
endfacet
facet normal 0.522303 0.852322 0.0273338
  outer loop
    vertex -4.59864 -7.73644 0.984733
    vertex -4.08591 -8.01906 0
    vertex -5.29007 -7.28115 0
  endloop
endfacet
facet normal 0.852322 0.522304 -0.0273078
  outer loop
    vertex -7.73644 -4.59864 49.0143
    vertex -8.01906 -4.08591 50
    vertex -7.28115 -5.29007 50
  endloop
endfacet
facet normal 0.852322 0.522303 0.0273338
  outer loop
    vertex -8.01906 -4.08591 0
    vertex -7.73644 -4.59864 0.984733
    vertex -7.28115 -5.29007 0
  endloop
endfacet
facet normal 0.890677 0.454234 -0.0191158
  outer loop
    vertex -8.01906 -4.08591 0
    vertex -8.30255 -3.47384 1.33504
    vertex -7.73644 -4.59864 0.984733
  endloop
endfacet
facet normal 0.454234 0.890677 -0.0191158
  outer loop
    vertex -3.47384 -8.30255 1.33504
    vertex -4.08591 -8.01906 0
    vertex -4.59864 -7.73644 0.984733
  endloop
endfacet
facet normal 0.890588 0.454415 0.0189783
  outer loop
    vertex -8.30146 -3.47645 48.6593
    vertex -8.01906 -4.08591 50
    vertex -7.73644 -4.59864 49.0143
  endloop
endfacet
facet normal 0.454415 0.890588 0.0189783
  outer loop
    vertex -4.08591 -8.01906 50
    vertex -3.47645 -8.30146 48.6593
    vertex -4.59864 -7.73644 49.0143
  endloop
endfacet
facet normal 0.45088 0.892472 -0.014162
  outer loop
    vertex -3.7756 -8.16975 2.91851
    vertex -4.63201 -7.71651 4.2157
    vertex -3.42649 -8.32221 4.42555
  endloop
endfacet
facet normal 0.892472 0.45088 -0.014162
  outer loop
    vertex -7.71651 -4.63201 4.2157
    vertex -8.16975 -3.7756 2.91851
    vertex -8.32221 -3.42649 4.42555
  endloop
endfacet
facet normal 0.103183 0.994155 -0.0317806
  outer loop
    vertex -1.96879 -8.78202 7.77964
    vertex 0 -9 7.35294
    vertex -1.27255 -8.90958 6.04982
  endloop
endfacet
facet normal 0.306625 0.951705 0.0154503
  outer loop
    vertex -1.96879 -8.78202 7.77964
    vertex -3.47097 -8.30376 8.13175
    vertex -2.27558 -8.70757 9.28208
  endloop
endfacet
facet normal 0.994155 0.103183 -0.0317806
  outer loop
    vertex -9 0 7.35294
    vertex -8.78202 -1.96879 7.77964
    vertex -8.90958 -1.27255 6.04982
  endloop
endfacet
facet normal 0.951705 0.306625 0.0154503
  outer loop
    vertex -8.30376 -3.47097 8.13175
    vertex -8.78202 -1.96879 7.77964
    vertex -8.70757 -2.27558 9.28208
  endloop
endfacet
facet normal 0.0686101 0.997644 -0
  outer loop
    vertex 0 -9 7.35294
    vertex -1.23207 -8.91527 8.70834
    vertex 0 -9 8.82353
  endloop
endfacet
facet normal 0.189987 0.981737 -0.00985454
  outer loop
    vertex -2.27558 -8.70757 9.28208
    vertex -1.23207 -8.91527 8.70834
    vertex -1.96879 -8.78202 7.77964
  endloop
endfacet
facet normal 0.119999 0.991657 0.0470876
  outer loop
    vertex -1.23207 -8.91527 8.70834
    vertex 0 -9 7.35294
    vertex -1.96879 -8.78202 7.77964
  endloop
endfacet
facet normal 0.997644 0.0686101 0
  outer loop
    vertex -8.91527 -1.23207 8.70834
    vertex -9 0 7.35294
    vertex -9 0 8.82353
  endloop
endfacet
facet normal 0.981737 0.189987 -0.00985454
  outer loop
    vertex -8.91527 -1.23207 8.70834
    vertex -8.70757 -2.27558 9.28208
    vertex -8.78202 -1.96879 7.77964
  endloop
endfacet
facet normal 0.991657 0.119999 0.0470876
  outer loop
    vertex -9 0 7.35294
    vertex -8.91527 -1.23207 8.70834
    vertex -8.78202 -1.96879 7.77964
  endloop
endfacet
facet normal 0.643886 0.765121 0
  outer loop
    vertex -6.36396 -6.36396 19.8659
    vertex -5.18332 -7.35753 19.4259
    vertex -6.36396 -6.36396 18.5766
  endloop
endfacet
facet normal 0.765121 0.643886 0
  outer loop
    vertex -7.35753 -5.18332 19.4259
    vertex -6.36396 -6.36396 19.8659
    vertex -6.36396 -6.36396 18.5766
  endloop
endfacet
facet normal 0.649503 0.760359 0
  outer loop
    vertex -6.36396 -6.36396 33.0874
    vertex -5.29112 -7.28039 32.3422
    vertex -6.36396 -6.36396 31.9009
  endloop
endfacet
facet normal 0.760359 0.649503 0
  outer loop
    vertex -7.28039 -5.29112 32.3422
    vertex -6.36396 -6.36396 33.0874
    vertex -6.36396 -6.36396 31.9009
  endloop
endfacet
facet normal 0.303364 0.952342 0.0318541
  outer loop
    vertex -1.84087 -8.80972 19.1598
    vertex -3.61255 -8.24315 19.0936
    vertex -2.62909 -8.60743 20.6185
  endloop
endfacet
facet normal 0.952342 0.303364 0.0318541
  outer loop
    vertex -8.24315 -3.61255 19.0936
    vertex -8.80972 -1.84087 19.1598
    vertex -8.60743 -2.62909 20.6185
  endloop
endfacet
facet normal 0.274434 0.961254 -0.0259954
  outer loop
    vertex -3.27887 -8.38147 22.1145
    vertex -1.68696 -8.84049 21.9469
    vertex -2.62909 -8.60743 20.6185
  endloop
endfacet
facet normal 0.961254 0.274434 -0.0259954
  outer loop
    vertex -8.84049 -1.68696 21.9469
    vertex -8.38147 -3.27887 22.1145
    vertex -8.60743 -2.62909 20.6185
  endloop
endfacet
facet normal 0.970809 0.238606 0.0244475
  outer loop
    vertex -8.54508 -2.82517 6.72904
    vertex -8.90958 -1.27255 6.04982
    vertex -8.78202 -1.96879 7.77964
  endloop
endfacet
facet normal 0.954346 0.297459 -0.0272387
  outer loop
    vertex -8.30376 -3.47097 8.13175
    vertex -8.54508 -2.82517 6.72904
    vertex -8.78202 -1.96879 7.77964
  endloop
endfacet
facet normal 0.238606 0.970809 0.0244475
  outer loop
    vertex -1.27255 -8.90958 6.04982
    vertex -2.82517 -8.54508 6.72904
    vertex -1.96879 -8.78202 7.77964
  endloop
endfacet
facet normal 0.297459 0.954346 -0.0272387
  outer loop
    vertex -2.82517 -8.54508 6.72904
    vertex -3.47097 -8.30376 8.13175
    vertex -1.96879 -8.78202 7.77964
  endloop
endfacet
facet normal 0.477647 0.878512 0.00838813
  outer loop
    vertex -3.7756 -8.16975 2.91851
    vertex -4.80412 -7.61055 2.91874
    vertex -4.63201 -7.71651 4.2157
  endloop
endfacet
facet normal 0.878512 0.477647 0.00838813
  outer loop
    vertex -7.61055 -4.80412 2.91874
    vertex -8.16975 -3.7756 2.91851
    vertex -7.71651 -4.63201 4.2157
  endloop
endfacet
facet normal 0.491096 0.870825 -0.0220951
  outer loop
    vertex -5.14232 -7.38624 5.89002
    vertex -3.71979 -8.19531 5.62009
    vertex -4.63201 -7.71651 4.2157
  endloop
endfacet
facet normal 0.870825 0.491096 -0.0220951
  outer loop
    vertex -8.19531 -3.71979 5.62009
    vertex -7.38624 -5.14232 5.89002
    vertex -7.71651 -4.63201 4.2157
  endloop
endfacet
facet normal 0.757412 0.652937 1.4098e-13
  outer loop
    vertex -6.36396 -6.36396 47.2335
    vertex -7.2322 -5.3568 48.0981
    vertex -6.36396 -6.36396 48.8789
  endloop
endfacet
facet normal 0.652937 0.757412 -1.40955e-13
  outer loop
    vertex -5.3568 -7.2322 48.0981
    vertex -6.36396 -6.36396 47.2335
    vertex -6.36396 -6.36396 48.8789
  endloop
endfacet
facet normal 0.757531 0.652799 -1.42306e-13
  outer loop
    vertex -7.23416 -5.35416 1.89352
    vertex -6.36396 -6.36396 2.75055
    vertex -6.36396 -6.36396 1.11708
  endloop
endfacet
facet normal 0.652799 0.757531 1.4231e-13
  outer loop
    vertex -6.36396 -6.36396 2.75055
    vertex -5.35416 -7.23416 1.89352
    vertex -6.36396 -6.36396 1.11708
  endloop
endfacet
facet normal 0.333849 0.942455 0.0180051
  outer loop
    vertex -2.44413 -8.66177 3.9845
    vertex -3.7756 -8.16975 2.91851
    vertex -3.42649 -8.32221 4.42555
  endloop
endfacet
facet normal 0.942455 0.333849 0.0180051
  outer loop
    vertex -8.16975 -3.7756 2.91851
    vertex -8.66177 -2.44413 3.9845
    vertex -8.32221 -3.42649 4.42555
  endloop
endfacet
facet normal 0.571563 0.820511 -0.00881315
  outer loop
    vertex -5.54295 -7.09054 3.41655
    vertex -4.63201 -7.71651 4.2157
    vertex -4.80412 -7.61055 2.91874
  endloop
endfacet
facet normal 0.820511 0.571563 -0.00881315
  outer loop
    vertex -7.71651 -4.63201 4.2157
    vertex -7.09054 -5.54295 3.41655
    vertex -7.61055 -4.80412 2.91874
  endloop
endfacet
facet normal 0.740168 0.672422 8.79171e-14
  outer loop
    vertex -6.36396 -6.36396 47.2335
    vertex -6.36396 -6.36396 45.9269
    vertex -6.94377 -5.72573 46.6642
  endloop
endfacet
facet normal 0.672422 0.740168 -8.79171e-14
  outer loop
    vertex -6.36396 -6.36396 45.9269
    vertex -6.36396 -6.36396 47.2335
    vertex -5.72573 -6.94377 46.6642
  endloop
endfacet
facet normal 0.351677 0.93605 0.0115272
  outer loop
    vertex -2.53824 -8.63466 5.24927
    vertex -3.71979 -8.19531 5.62009
    vertex -2.82517 -8.54508 6.72904
  endloop
endfacet
facet normal 0.221884 0.974942 -0.0159945
  outer loop
    vertex -1.27255 -8.90958 6.04982
    vertex -2.53824 -8.63466 5.24927
    vertex -2.82517 -8.54508 6.72904
  endloop
endfacet
facet normal 0.93605 0.351677 0.0115272
  outer loop
    vertex -8.19531 -3.71979 5.62009
    vertex -8.63466 -2.53824 5.24927
    vertex -8.54508 -2.82517 6.72904
  endloop
endfacet
facet normal 0.974942 0.221884 -0.0159945
  outer loop
    vertex -8.63466 -2.53824 5.24927
    vertex -8.90958 -1.27255 6.04982
    vertex -8.54508 -2.82517 6.72904
  endloop
endfacet
facet normal 0.748862 0.662726 -1.14376e-13
  outer loop
    vertex -6.36396 -6.36396 4.02812
    vertex -6.36396 -6.36396 2.75055
    vertex -7.09054 -5.54295 3.41655
  endloop
endfacet
facet normal 0.662726 0.748862 1.14376e-13
  outer loop
    vertex -6.36396 -6.36396 2.75055
    vertex -6.36396 -6.36396 4.02812
    vertex -5.54295 -7.09054 3.41655
  endloop
endfacet
facet normal 0.44473 0.895613 0.00963742
  outer loop
    vertex -4.41825 -7.84086 2.01011
    vertex -3.7756 -8.16975 2.91851
    vertex -3.47384 -8.30255 1.33504
  endloop
endfacet
facet normal 0.446408 0.894741 0.0125805
  outer loop
    vertex -4.59864 -7.73644 0.984733
    vertex -4.41825 -7.84086 2.01011
    vertex -3.47384 -8.30255 1.33504
  endloop
endfacet
facet normal 0.477565 0.878372 -0.0198334
  outer loop
    vertex -3.7756 -8.16975 2.91851
    vertex -4.41825 -7.84086 2.01011
    vertex -4.80412 -7.61055 2.91874
  endloop
endfacet
facet normal 0.895613 0.44473 0.00963742
  outer loop
    vertex -8.16975 -3.7756 2.91851
    vertex -7.84086 -4.41825 2.01011
    vertex -8.30255 -3.47384 1.33504
  endloop
endfacet
facet normal 0.894741 0.446408 0.0125805
  outer loop
    vertex -7.84086 -4.41825 2.01011
    vertex -7.73644 -4.59864 0.984733
    vertex -8.30255 -3.47384 1.33504
  endloop
endfacet
facet normal 0.878372 0.477565 -0.0198334
  outer loop
    vertex -7.84086 -4.41825 2.01011
    vertex -8.16975 -3.7756 2.91851
    vertex -7.61055 -4.80412 2.91874
  endloop
endfacet
facet normal 0.442916 0.896547 -0.00535534
  outer loop
    vertex -3.61796 -8.24078 47.1157
    vertex -4.42677 -7.83605 47.978
    vertex -3.47645 -8.30146 48.6593
  endloop
endfacet
facet normal 0.446672 0.894618 -0.0119117
  outer loop
    vertex -4.42677 -7.83605 47.978
    vertex -4.59864 -7.73644 49.0143
    vertex -3.47645 -8.30146 48.6593
  endloop
endfacet
facet normal 0.457678 0.889037 0.0120163
  outer loop
    vertex -4.42677 -7.83605 47.978
    vertex -3.61796 -8.24078 47.1157
    vertex -4.68156 -7.68655 46.6211
  endloop
endfacet
facet normal 0.896547 0.442916 -0.00535534
  outer loop
    vertex -7.83605 -4.42677 47.978
    vertex -8.24078 -3.61796 47.1157
    vertex -8.30146 -3.47645 48.6593
  endloop
endfacet
facet normal 0.894618 0.446672 -0.0119117
  outer loop
    vertex -7.73644 -4.59864 49.0143
    vertex -7.83605 -4.42677 47.978
    vertex -8.30146 -3.47645 48.6593
  endloop
endfacet
facet normal 0.889037 0.457678 0.0120163
  outer loop
    vertex -8.24078 -3.61796 47.1157
    vertex -7.83605 -4.42677 47.978
    vertex -7.68655 -4.68156 46.6211
  endloop
endfacet
facet normal 0.755068 0.655595 0.00823436
  outer loop
    vertex -7.13311 -5.48806 45.4857
    vertex -6.36396 -6.36396 44.694
    vertex -7.23636 -5.35118 44.0556
  endloop
endfacet
facet normal 0.655595 0.755068 0.00823436
  outer loop
    vertex -6.36396 -6.36396 44.694
    vertex -5.48806 -7.13311 45.4857
    vertex -5.35118 -7.23636 44.0556
  endloop
endfacet
facet normal 0.757617 0.651952 -0.0312389
  outer loop
    vertex -6.36396 -6.36396 5.18721
    vertex -7.01725 -5.63545 4.54752
    vertex -7.38624 -5.14232 5.89002
  endloop
endfacet
facet normal 0.821441 0.570255 -0.00659348
  outer loop
    vertex -7.71651 -4.63201 4.2157
    vertex -7.01725 -5.63545 4.54752
    vertex -7.09054 -5.54295 3.41655
  endloop
endfacet
facet normal 0.818217 0.574744 0.0137772
  outer loop
    vertex -7.01725 -5.63545 4.54752
    vertex -7.71651 -4.63201 4.2157
    vertex -7.38624 -5.14232 5.89002
  endloop
endfacet
facet normal 0.651952 0.757617 -0.0312389
  outer loop
    vertex -5.63545 -7.01725 4.54752
    vertex -6.36396 -6.36396 5.18721
    vertex -5.14232 -7.38624 5.89002
  endloop
endfacet
facet normal 0.570255 0.821441 -0.00659348
  outer loop
    vertex -5.63545 -7.01725 4.54752
    vertex -4.63201 -7.71651 4.2157
    vertex -5.54295 -7.09054 3.41655
  endloop
endfacet
facet normal 0.574744 0.818217 0.0137772
  outer loop
    vertex -4.63201 -7.71651 4.2157
    vertex -5.63545 -7.01725 4.54752
    vertex -5.14232 -7.38624 5.89002
  endloop
endfacet
facet normal 0.18335 0.983011 -0.00848253
  outer loop
    vertex -2.29939 -8.70131 2.49337
    vertex -1.04517 -8.93911 2.04606
    vertex -2.11177 -8.74874 1.05255
  endloop
endfacet
facet normal 0.340856 0.94008 0.00815645
  outer loop
    vertex -2.29939 -8.70131 2.49337
    vertex -3.7756 -8.16975 2.91851
    vertex -2.44413 -8.66177 3.9845
  endloop
endfacet
facet normal 0.983011 0.18335 -0.00848253
  outer loop
    vertex -8.93911 -1.04517 2.04606
    vertex -8.70131 -2.29939 2.49337
    vertex -8.74874 -2.11177 1.05255
  endloop
endfacet
facet normal 0.94008 0.340856 0.00815645
  outer loop
    vertex -8.16975 -3.7756 2.91851
    vertex -8.70131 -2.29939 2.49337
    vertex -8.66177 -2.44413 3.9845
  endloop
endfacet
facet normal 0.183723 0.982938 0.00888109
  outer loop
    vertex -1.04517 -8.93911 47.951
    vertex -2.31037 -8.6984 47.4835
    vertex -2.11177 -8.74874 48.9463
  endloop
endfacet
facet normal 0.334643 0.942184 -0.0174172
  outer loop
    vertex -3.61796 -8.24078 47.1157
    vertex -2.31037 -8.6984 47.4835
    vertex -2.78312 -8.55887 45.9484
  endloop
endfacet
facet normal 0.982938 0.183723 0.00888109
  outer loop
    vertex -8.6984 -2.31037 47.4835
    vertex -8.93911 -1.04517 47.951
    vertex -8.74874 -2.11177 48.9463
  endloop
endfacet
facet normal 0.942184 0.334643 -0.0174172
  outer loop
    vertex -8.6984 -2.31037 47.4835
    vertex -8.24078 -3.61796 47.1157
    vertex -8.55887 -2.78312 45.9484
  endloop
endfacet
facet normal 0.920521 0.390115 0.0212381
  outer loop
    vertex -8.30376 -3.47097 8.13175
    vertex -7.99016 -4.14214 6.86809
    vertex -8.54508 -2.82517 6.72904
  endloop
endfacet
facet normal 0.922119 0.386345 -0.0208347
  outer loop
    vertex -7.99016 -4.14214 6.86809
    vertex -8.19531 -3.71979 5.62009
    vertex -8.54508 -2.82517 6.72904
  endloop
endfacet
facet normal 0.390115 0.920521 0.0212381
  outer loop
    vertex -4.14214 -7.99016 6.86809
    vertex -3.47097 -8.30376 8.13175
    vertex -2.82517 -8.54508 6.72904
  endloop
endfacet
facet normal 0.386345 0.922119 -0.0208347
  outer loop
    vertex -3.71979 -8.19531 5.62009
    vertex -4.14214 -7.99016 6.86809
    vertex -2.82517 -8.54508 6.72904
  endloop
endfacet
facet normal 0.0692364 0.9976 0
  outer loop
    vertex -1.24326 -8.91371 46.5304
    vertex 0 -9 47.0588
    vertex 0 -9 45.5882
  endloop
endfacet
facet normal 0.0827762 0.996406 0.0179765
  outer loop
    vertex -1.57057 -8.8619 45.1657
    vertex -1.24326 -8.91371 46.5304
    vertex 0 -9 45.5882
  endloop
endfacet
facet normal 0.9976 0.0692364 0
  outer loop
    vertex -9 0 47.0588
    vertex -8.91371 -1.24326 46.5304
    vertex -9 0 45.5882
  endloop
endfacet
facet normal 0.996406 0.0827762 0.0179765
  outer loop
    vertex -8.91371 -1.24326 46.5304
    vertex -8.8619 -1.57057 45.1657
    vertex -9 0 45.5882
  endloop
endfacet
facet normal 0.0676433 0.99771 -0
  outer loop
    vertex 0 -9 2.94118
    vertex -1.21479 -8.91764 3.42725
    vertex 0 -9 4.41176
  endloop
endfacet
facet normal 0.0786325 0.99681 -0.0136348
  outer loop
    vertex -1.21479 -8.91764 3.42725
    vertex -1.45671 -8.88133 4.68663
    vertex 0 -9 4.41176
  endloop
endfacet
facet normal 0.99771 0.0676433 0
  outer loop
    vertex -8.91764 -1.21479 3.42725
    vertex -9 0 2.94118
    vertex -9 0 4.41176
  endloop
endfacet
facet normal 0.99681 0.0786325 -0.0136348
  outer loop
    vertex -8.88133 -1.45671 4.68663
    vertex -8.91764 -1.21479 3.42725
    vertex -9 0 4.41176
  endloop
endfacet
facet normal 0.996537 0.0784292 0.0276243
  outer loop
    vertex -8.95316 -0.916987 0.913838
    vertex -8.8892 -1.40791 0
    vertex -9 0 0
  endloop
endfacet
facet normal 0.998698 0.0510101 0
  outer loop
    vertex -9 0 1.47059
    vertex -8.95316 -0.916987 0.913838
    vertex -9 0 0
  endloop
endfacet
facet normal 0.996538 0.0784292 -0.0275994
  outer loop
    vertex -8.8892 -1.40791 50
    vertex -8.95316 -0.916987 49.0853
    vertex -9 0 50
  endloop
endfacet
facet normal 0.998698 0.0510101 0
  outer loop
    vertex -8.95316 -0.916987 49.0853
    vertex -9 0 48.5294
    vertex -9 0 50
  endloop
endfacet
facet normal 0.0784292 0.996537 0.0276243
  outer loop
    vertex -1.40791 -8.8892 0
    vertex -0.916987 -8.95316 0.913838
    vertex 0 -9 0
  endloop
endfacet
facet normal 0.0510101 0.998698 0
  outer loop
    vertex -0.916987 -8.95316 0.913838
    vertex 0 -9 1.47059
    vertex 0 -9 0
  endloop
endfacet
facet normal 0.0784292 0.996538 -0.0275994
  outer loop
    vertex -0.916987 -8.95316 49.0853
    vertex -1.40791 -8.8892 50
    vertex 0 -9 50
  endloop
endfacet
facet normal 0.0510101 0.998698 -0
  outer loop
    vertex 0 -9 48.5294
    vertex -0.916987 -8.95316 49.0853
    vertex 0 -9 50
  endloop
endfacet
facet normal 0.942141 0.334872 -0.0152003
  outer loop
    vertex -8.30255 -3.47384 1.33504
    vertex -8.70131 -2.29939 2.49337
    vertex -8.16975 -3.7756 2.91851
  endloop
endfacet
facet normal 0.949684 0.313066 0.00950531
  outer loop
    vertex -8.30255 -3.47384 1.33504
    vertex -8.74874 -2.11177 1.05255
    vertex -8.70131 -2.29939 2.49337
  endloop
endfacet
facet normal 0.334872 0.942141 -0.0152003
  outer loop
    vertex -2.29939 -8.70131 2.49337
    vertex -3.47384 -8.30255 1.33504
    vertex -3.7756 -8.16975 2.91851
  endloop
endfacet
facet normal 0.313066 0.949684 0.00950531
  outer loop
    vertex -2.11177 -8.74874 1.05255
    vertex -3.47384 -8.30255 1.33504
    vertex -2.29939 -8.70131 2.49337
  endloop
endfacet
facet normal 0.944455 0.328566 0.00701115
  outer loop
    vertex -8.6984 -2.31037 47.4835
    vertex -8.30146 -3.47645 48.6593
    vertex -8.24078 -3.61796 47.1157
  endloop
endfacet
facet normal 0.949601 0.313306 -0.00985975
  outer loop
    vertex -8.74874 -2.11177 48.9463
    vertex -8.30146 -3.47645 48.6593
    vertex -8.6984 -2.31037 47.4835
  endloop
endfacet
facet normal 0.328566 0.944455 0.00701115
  outer loop
    vertex -3.47645 -8.30146 48.6593
    vertex -2.31037 -8.6984 47.4835
    vertex -3.61796 -8.24078 47.1157
  endloop
endfacet
facet normal 0.313306 0.949601 -0.00985975
  outer loop
    vertex -3.47645 -8.30146 48.6593
    vertex -2.11177 -8.74874 48.9463
    vertex -2.31037 -8.6984 47.4835
  endloop
endfacet
facet normal 0.659787 0.751452 9.12216e-17
  outer loop
    vertex -6.36396 -6.36396 17.2127
    vertex -5.48724 -7.13374 16.5323
    vertex -6.36396 -6.36396 15.4278
  endloop
endfacet
facet normal 0.751452 0.659787 -1.06621e-16
  outer loop
    vertex -7.13374 -5.48724 16.5323
    vertex -6.36396 -6.36396 17.2127
    vertex -6.36396 -6.36396 15.4278
  endloop
endfacet
facet normal 0.662531 0.748771 -0.0198519
  outer loop
    vertex -5.3568 -7.2322 48.0981
    vertex -5.72573 -6.94377 46.6642
    vertex -6.36396 -6.36396 47.2335
  endloop
endfacet
facet normal 0.579992 0.814491 0.0146054
  outer loop
    vertex -5.3568 -7.2322 48.0981
    vertex -4.68156 -7.68655 46.6211
    vertex -5.72573 -6.94377 46.6642
  endloop
endfacet
facet normal 0.545438 0.838093 0.00990119
  outer loop
    vertex -4.42677 -7.83605 47.978
    vertex -5.3568 -7.2322 48.0981
    vertex -4.59864 -7.73644 49.0143
  endloop
endfacet
facet normal 0.543667 0.839246 -0.00961747
  outer loop
    vertex -4.68156 -7.68655 46.6211
    vertex -5.3568 -7.2322 48.0981
    vertex -4.42677 -7.83605 47.978
  endloop
endfacet
facet normal 0.748771 0.662531 -0.0198519
  outer loop
    vertex -6.94377 -5.72573 46.6642
    vertex -7.2322 -5.3568 48.0981
    vertex -6.36396 -6.36396 47.2335
  endloop
endfacet
facet normal 0.814491 0.579992 0.0146054
  outer loop
    vertex -7.68655 -4.68156 46.6211
    vertex -7.2322 -5.3568 48.0981
    vertex -6.94377 -5.72573 46.6642
  endloop
endfacet
facet normal 0.838093 0.545438 0.00990119
  outer loop
    vertex -7.2322 -5.3568 48.0981
    vertex -7.83605 -4.42677 47.978
    vertex -7.73644 -4.59864 49.0143
  endloop
endfacet
facet normal 0.839246 0.543667 -0.00961747
  outer loop
    vertex -7.2322 -5.3568 48.0981
    vertex -7.68655 -4.68156 46.6211
    vertex -7.83605 -4.42677 47.978
  endloop
endfacet
facet normal 0.657881 0.753048 0.0105392
  outer loop
    vertex -5.54295 -7.09054 3.41655
    vertex -5.35416 -7.23416 1.89352
    vertex -6.36396 -6.36396 2.75055
  endloop
endfacet
facet normal 0.572706 0.819737 -0.00630783
  outer loop
    vertex -4.80412 -7.61055 2.91874
    vertex -5.35416 -7.23416 1.89352
    vertex -5.54295 -7.09054 3.41655
  endloop
endfacet
facet normal 0.544845 0.838472 -0.010467
  outer loop
    vertex -5.35416 -7.23416 1.89352
    vertex -4.41825 -7.84086 2.01011
    vertex -4.59864 -7.73644 0.984733
  endloop
endfacet
facet normal 0.542346 0.839975 0.0174101
  outer loop
    vertex -5.35416 -7.23416 1.89352
    vertex -4.80412 -7.61055 2.91874
    vertex -4.41825 -7.84086 2.01011
  endloop
endfacet
facet normal 0.753048 0.657881 0.0105392
  outer loop
    vertex -7.23416 -5.35416 1.89352
    vertex -7.09054 -5.54295 3.41655
    vertex -6.36396 -6.36396 2.75055
  endloop
endfacet
facet normal 0.819737 0.572706 -0.00630783
  outer loop
    vertex -7.23416 -5.35416 1.89352
    vertex -7.61055 -4.80412 2.91874
    vertex -7.09054 -5.54295 3.41655
  endloop
endfacet
facet normal 0.838472 0.544845 -0.010467
  outer loop
    vertex -7.84086 -4.41825 2.01011
    vertex -7.23416 -5.35416 1.89352
    vertex -7.73644 -4.59864 0.984733
  endloop
endfacet
facet normal 0.839975 0.542346 0.0174101
  outer loop
    vertex -7.61055 -4.80412 2.91874
    vertex -7.23416 -5.35416 1.89352
    vertex -7.84086 -4.41825 2.01011
  endloop
endfacet
facet normal 0.65983 0.751415 -9.47386e-14
  outer loop
    vertex -6.36396 -6.36396 45.9269
    vertex -5.48806 -7.13311 45.4857
    vertex -6.36396 -6.36396 44.694
  endloop
endfacet
facet normal 0.663652 0.747916 0.0136846
  outer loop
    vertex -6.36396 -6.36396 45.9269
    vertex -5.72573 -6.94377 46.6642
    vertex -5.48806 -7.13311 45.4857
  endloop
endfacet
facet normal 0.751415 0.65983 9.47055e-14
  outer loop
    vertex -7.13311 -5.48806 45.4857
    vertex -6.36396 -6.36396 45.9269
    vertex -6.36396 -6.36396 44.694
  endloop
endfacet
facet normal 0.747916 0.663652 0.0136846
  outer loop
    vertex -6.94377 -5.72573 46.6642
    vertex -6.36396 -6.36396 45.9269
    vertex -7.13311 -5.48806 45.4857
  endloop
endfacet
facet normal 0.667621 0.744501 8.39862e-14
  outer loop
    vertex -5.63545 -7.01725 4.54752
    vertex -6.36396 -6.36396 4.02812
    vertex -6.36396 -6.36396 5.18721
  endloop
endfacet
facet normal 0.665226 0.746618 0.00602241
  outer loop
    vertex -5.54295 -7.09054 3.41655
    vertex -6.36396 -6.36396 4.02812
    vertex -5.63545 -7.01725 4.54752
  endloop
endfacet
facet normal 0.744501 0.667621 -8.29067e-14
  outer loop
    vertex -6.36396 -6.36396 4.02812
    vertex -7.01725 -5.63545 4.54752
    vertex -6.36396 -6.36396 5.18721
  endloop
endfacet
facet normal 0.746618 0.665226 0.00602241
  outer loop
    vertex -6.36396 -6.36396 4.02812
    vertex -7.09054 -5.54295 3.41655
    vertex -7.01725 -5.63545 4.54752
  endloop
endfacet
facet normal 0.761677 0.647945 -0.0038636
  outer loop
    vertex -7.32964 -5.22268 34.1105
    vertex -6.36396 -6.36396 33.0874
    vertex -7.28039 -5.29112 32.3422
  endloop
endfacet
facet normal 0.647945 0.761677 -0.0038636
  outer loop
    vertex -6.36396 -6.36396 33.0874
    vertex -5.22268 -7.32964 34.1105
    vertex -5.29112 -7.28039 32.3422
  endloop
endfacet
facet normal 0.647779 0.761647 0.0166357
  outer loop
    vertex -6.36396 -6.36396 15.4278
    vertex -5.48724 -7.13374 16.5323
    vertex -5.19705 -7.34783 15.0349
  endloop
endfacet
facet normal 0.761647 0.647779 0.0166357
  outer loop
    vertex -7.13374 -5.48724 16.5323
    vertex -6.36396 -6.36396 15.4278
    vertex -7.34783 -5.19705 15.0349
  endloop
endfacet
facet normal 0.873169 0.486697 -0.0265063
  outer loop
    vertex -7.6827 -4.68787 17.8113
    vertex -8.24315 -3.61255 19.0936
    vertex -7.35753 -5.18332 19.4259
  endloop
endfacet
facet normal 0.887365 0.461067 0.00119081
  outer loop
    vertex -8.24315 -3.61255 19.0936
    vertex -7.6827 -4.68787 17.8113
    vertex -8.2536 -3.58862 17.6122
  endloop
endfacet
facet normal 0.486697 0.873169 -0.0265063
  outer loop
    vertex -3.61255 -8.24315 19.0936
    vertex -4.68787 -7.6827 17.8113
    vertex -5.18332 -7.35753 19.4259
  endloop
endfacet
facet normal 0.461067 0.887365 0.00119081
  outer loop
    vertex -4.68787 -7.6827 17.8113
    vertex -3.61255 -8.24315 19.0936
    vertex -3.58862 -8.2536 17.6122
  endloop
endfacet
facet normal 0.995866 0.090833 0
  outer loop
    vertex -9 0 26.4706
    vertex -8.85149 -1.62824 26.0571
    vertex -9 0 25
  endloop
endfacet
facet normal 0.963985 0.265318 -0.0184333
  outer loop
    vertex -8.52383 -2.88867 25.0506
    vertex -8.85149 -1.62824 26.0571
    vertex -8.39787 -3.23662 26.6291
  endloop
endfacet
facet normal 0.970905 0.238866 0.0169459
  outer loop
    vertex -8.52383 -2.88867 25.0506
    vertex -8.9108 -1.26395 24.3206
    vertex -8.85149 -1.62824 26.0571
  endloop
endfacet
facet normal 0.996672 0.0796522 -0.0173356
  outer loop
    vertex -8.9108 -1.26395 24.3206
    vertex -9 0 25
    vertex -8.85149 -1.62824 26.0571
  endloop
endfacet
facet normal 0.756596 0.653883 -0
  outer loop
    vertex -6.36396 -6.36396 25.1592
    vertex -7.21879 -5.37485 26.1296
    vertex -6.36396 -6.36396 26.6898
  endloop
endfacet
facet normal 0.090833 0.995866 0
  outer loop
    vertex -1.62824 -8.85149 26.0571
    vertex 0 -9 26.4706
    vertex 0 -9 25
  endloop
endfacet
facet normal 0.265318 0.963985 -0.0184333
  outer loop
    vertex -1.62824 -8.85149 26.0571
    vertex -2.88867 -8.52383 25.0506
    vertex -3.23662 -8.39787 26.6291
  endloop
endfacet
facet normal 0.238866 0.970905 0.0169459
  outer loop
    vertex -1.26395 -8.9108 24.3206
    vertex -2.88867 -8.52383 25.0506
    vertex -1.62824 -8.85149 26.0571
  endloop
endfacet
facet normal 0.0796522 0.996672 -0.0173356
  outer loop
    vertex 0 -9 25
    vertex -1.26395 -8.9108 24.3206
    vertex -1.62824 -8.85149 26.0571
  endloop
endfacet
facet normal 0.653883 0.756596 0
  outer loop
    vertex -5.37485 -7.21879 26.1296
    vertex -6.36396 -6.36396 25.1592
    vertex -6.36396 -6.36396 26.6898
  endloop
endfacet
facet normal 0.478583 0.877284 -0.0364803
  outer loop
    vertex -4.14214 -7.99016 6.86809
    vertex -4.98421 -7.49384 7.75662
    vertex -3.47097 -8.30376 8.13175
  endloop
endfacet
facet normal 0.869573 0.491715 -0.045369
  outer loop
    vertex -7.34707 -5.19813 7.74906
    vertex -7.99016 -4.14214 6.86809
    vertex -8.30376 -3.47097 8.13175
  endloop
endfacet
facet normal 0.873199 0.487364 -0.000378278
  outer loop
    vertex -7.54886 -4.90047 29.6366
    vertex -8.1341 -3.8518 29.7859
    vertex -7.54492 -4.90655 30.9208
  endloop
endfacet
facet normal 0.487364 0.873199 -0.000378278
  outer loop
    vertex -3.8518 -8.1341 29.7859
    vertex -4.90047 -7.54886 29.6366
    vertex -4.90655 -7.54492 30.9208
  endloop
endfacet
facet normal 0.344293 0.938739 -0.0151869
  outer loop
    vertex -2.53824 -8.63466 5.24927
    vertex -3.42649 -8.32221 4.42555
    vertex -3.71979 -8.19531 5.62009
  endloop
endfacet
facet normal 0.328367 0.944541 0.00418815
  outer loop
    vertex -2.53824 -8.63466 5.24927
    vertex -2.44413 -8.66177 3.9845
    vertex -3.42649 -8.32221 4.42555
  endloop
endfacet
facet normal 0.217804 0.975949 -0.00919768
  outer loop
    vertex -2.53824 -8.63466 5.24927
    vertex -1.27255 -8.90958 6.04982
    vertex -1.45671 -8.88133 4.68663
  endloop
endfacet
facet normal 0.220121 0.975462 -0.00452917
  outer loop
    vertex -1.45671 -8.88133 4.68663
    vertex -2.44413 -8.66177 3.9845
    vertex -2.53824 -8.63466 5.24927
  endloop
endfacet
facet normal 0.938739 0.344293 -0.0151869
  outer loop
    vertex -8.32221 -3.42649 4.42555
    vertex -8.63466 -2.53824 5.24927
    vertex -8.19531 -3.71979 5.62009
  endloop
endfacet
facet normal 0.944541 0.328367 0.00418815
  outer loop
    vertex -8.66177 -2.44413 3.9845
    vertex -8.63466 -2.53824 5.24927
    vertex -8.32221 -3.42649 4.42555
  endloop
endfacet
facet normal 0.975949 0.217804 -0.00919768
  outer loop
    vertex -8.90958 -1.27255 6.04982
    vertex -8.63466 -2.53824 5.24927
    vertex -8.88133 -1.45671 4.68663
  endloop
endfacet
facet normal 0.975462 0.220121 -0.00452917
  outer loop
    vertex -8.66177 -2.44413 3.9845
    vertex -8.88133 -1.45671 4.68663
    vertex -8.63466 -2.53824 5.24927
  endloop
endfacet
facet normal 0.858181 0.513337 0.0033005
  outer loop
    vertex -8.07427 -3.9757 23.6633
    vertex -7.33974 -5.20847 24.412
    vertex -7.293 -5.27372 22.4071
  endloop
endfacet
facet normal 0.762634 0.646822 -0.00327074
  outer loop
    vertex -7.33974 -5.20847 24.412
    vertex -6.36396 -6.36396 23.4241
    vertex -7.293 -5.27372 22.4071
  endloop
endfacet
facet normal 0.513337 0.858181 0.0033005
  outer loop
    vertex -5.20847 -7.33974 24.412
    vertex -3.9757 -8.07427 23.6633
    vertex -5.27372 -7.293 22.4071
  endloop
endfacet
facet normal 0.646822 0.762634 -0.00327074
  outer loop
    vertex -6.36396 -6.36396 23.4241
    vertex -5.20847 -7.33974 24.412
    vertex -5.27372 -7.293 22.4071
  endloop
endfacet
facet normal 0.238573 0.971104 -0.00638072
  outer loop
    vertex -2.78312 -8.55887 45.9484
    vertex -1.57057 -8.8619 45.1657
    vertex -2.64237 -8.60336 44.4391
  endloop
endfacet
facet normal 0.971192 0.238196 -0.00699955
  outer loop
    vertex -8.8619 -1.57057 45.1657
    vertex -8.55887 -2.78312 45.9484
    vertex -8.61168 -2.61515 44.3373
  endloop
endfacet
facet normal 0.998041 0.0625672 0
  outer loop
    vertex -8.92954 -1.124 20.6026
    vertex -9 0 19.1176
    vertex -9 0 20.5882
  endloop
endfacet
facet normal 0.994145 0.103471 0.0311462
  outer loop
    vertex -9 0 19.1176
    vertex -8.92954 -1.124 20.6026
    vertex -8.80972 -1.84087 19.1598
  endloop
endfacet
facet normal 0.977656 0.208988 -0.0226496
  outer loop
    vertex -8.92954 -1.124 20.6026
    vertex -8.60743 -2.62909 20.6185
    vertex -8.80972 -1.84087 19.1598
  endloop
endfacet
facet normal 0.0625672 0.998041 -0
  outer loop
    vertex 0 -9 19.1176
    vertex -1.124 -8.92954 20.6026
    vertex 0 -9 20.5882
  endloop
endfacet
facet normal 0.103471 0.994145 0.0311462
  outer loop
    vertex -1.124 -8.92954 20.6026
    vertex 0 -9 19.1176
    vertex -1.84087 -8.80972 19.1598
  endloop
endfacet
facet normal 0.208988 0.977656 -0.0226496
  outer loop
    vertex -2.62909 -8.60743 20.6185
    vertex -1.124 -8.92954 20.6026
    vertex -1.84087 -8.80972 19.1598
  endloop
endfacet
facet normal 0.998041 0.0625672 0
  outer loop
    vertex -9 0 22.0588
    vertex -8.92954 -1.124 20.6026
    vertex -9 0 20.5882
  endloop
endfacet
facet normal 0.995066 0.0958033 -0.0257974
  outer loop
    vertex -8.92954 -1.124 20.6026
    vertex -9 0 22.0588
    vertex -8.84049 -1.68696 21.9469
  endloop
endfacet
facet normal 0.97755 0.209449 0.0229552
  outer loop
    vertex -8.60743 -2.62909 20.6185
    vertex -8.92954 -1.124 20.6026
    vertex -8.84049 -1.68696 21.9469
  endloop
endfacet
facet normal 0.0625672 0.998041 0
  outer loop
    vertex -1.124 -8.92954 20.6026
    vertex 0 -9 22.0588
    vertex 0 -9 20.5882
  endloop
endfacet
facet normal 0.0958033 0.995066 -0.0257974
  outer loop
    vertex 0 -9 22.0588
    vertex -1.124 -8.92954 20.6026
    vertex -1.68696 -8.84049 21.9469
  endloop
endfacet
facet normal 0.209449 0.97755 0.0229552
  outer loop
    vertex -1.124 -8.92954 20.6026
    vertex -2.62909 -8.60743 20.6185
    vertex -1.68696 -8.84049 21.9469
  endloop
endfacet
facet normal 0.259056 0.965728 -0.0160825
  outer loop
    vertex -3.0452 -8.46917 13.0522
    vertex -1.59061 -8.85833 13.1141
    vertex -2.76216 -8.56566 11.8172
  endloop
endfacet
facet normal 0.965728 0.259056 -0.0160825
  outer loop
    vertex -8.85833 -1.59061 13.1141
    vertex -8.46917 -3.0452 13.0522
    vertex -8.56566 -2.76216 11.8172
  endloop
endfacet
facet normal 0.0868372 0.996223 -0
  outer loop
    vertex 0 -9 10.2941
    vertex -1.55717 -8.86427 10.744
    vertex 0 -9 11.7647
  endloop
endfacet
facet normal 0.0780091 0.996482 -0.0306359
  outer loop
    vertex 0 -9 10.2941
    vertex -1.09811 -8.93276 9.68513
    vertex -1.55717 -8.86427 10.744
  endloop
endfacet
facet normal 0.182665 0.983051 0.015606
  outer loop
    vertex -1.09811 -8.93276 9.68513
    vertex -2.27558 -8.70757 9.28208
    vertex -1.55717 -8.86427 10.744
  endloop
endfacet
facet normal 0.996223 0.0868372 0
  outer loop
    vertex -8.86427 -1.55717 10.744
    vertex -9 0 10.2941
    vertex -9 0 11.7647
  endloop
endfacet
facet normal 0.996482 0.0780091 -0.0306359
  outer loop
    vertex -8.93276 -1.09811 9.68513
    vertex -9 0 10.2941
    vertex -8.86427 -1.55717 10.744
  endloop
endfacet
facet normal 0.983051 0.182665 0.015606
  outer loop
    vertex -8.70757 -2.27558 9.28208
    vertex -8.93276 -1.09811 9.68513
    vertex -8.86427 -1.55717 10.744
  endloop
endfacet
facet normal 0.0611201 0.99813 -0
  outer loop
    vertex 0 -9 8.82353
    vertex -1.09811 -8.93276 9.68513
    vertex 0 -9 10.2941
  endloop
endfacet
facet normal 0.0678107 0.997661 0.00856372
  outer loop
    vertex -1.09811 -8.93276 9.68513
    vertex 0 -9 8.82353
    vertex -1.23207 -8.91527 8.70834
  endloop
endfacet
facet normal 0.190667 0.981617 -0.00857335
  outer loop
    vertex -2.27558 -8.70757 9.28208
    vertex -1.09811 -8.93276 9.68513
    vertex -1.23207 -8.91527 8.70834
  endloop
endfacet
facet normal 0.99813 0.0611201 0
  outer loop
    vertex -8.93276 -1.09811 9.68513
    vertex -9 0 8.82353
    vertex -9 0 10.2941
  endloop
endfacet
facet normal 0.997661 0.0678107 0.00856372
  outer loop
    vertex -9 0 8.82353
    vertex -8.93276 -1.09811 9.68513
    vertex -8.91527 -1.23207 8.70834
  endloop
endfacet
facet normal 0.981617 0.190667 -0.00857335
  outer loop
    vertex -8.93276 -1.09811 9.68513
    vertex -8.70757 -2.27558 9.28208
    vertex -8.91527 -1.23207 8.70834
  endloop
endfacet
facet normal 0.649448 0.760406 3.24774e-13
  outer loop
    vertex -5.29007 -7.28115 0
    vertex -6.36396 -6.36396 0
    vertex -6.36396 -6.36396 1.11708
  endloop
endfacet
facet normal 0.551954 0.833872 -0.00201496
  outer loop
    vertex -5.29007 -7.28115 0
    vertex -5.35416 -7.23416 1.89352
    vertex -4.59864 -7.73644 0.984733
  endloop
endfacet
facet normal 0.651376 0.758748 0.00321463
  outer loop
    vertex -6.36396 -6.36396 1.11708
    vertex -5.35416 -7.23416 1.89352
    vertex -5.29007 -7.28115 0
  endloop
endfacet
facet normal 0.760406 0.649448 -3.24742e-13
  outer loop
    vertex -6.36396 -6.36396 0
    vertex -7.28115 -5.29007 0
    vertex -6.36396 -6.36396 1.11708
  endloop
endfacet
facet normal 0.833872 0.551954 -0.00201496
  outer loop
    vertex -7.23416 -5.35416 1.89352
    vertex -7.28115 -5.29007 0
    vertex -7.73644 -4.59864 0.984733
  endloop
endfacet
facet normal 0.758748 0.651376 0.00321463
  outer loop
    vertex -7.23416 -5.35416 1.89352
    vertex -6.36396 -6.36396 1.11708
    vertex -7.28115 -5.29007 0
  endloop
endfacet
facet normal 0.649448 0.760406 -3.23769e-13
  outer loop
    vertex -6.36396 -6.36396 50
    vertex -5.29007 -7.28115 50
    vertex -6.36396 -6.36396 48.8789
  endloop
endfacet
facet normal 0.552033 0.83382 0.00209292
  outer loop
    vertex -5.3568 -7.2322 48.0981
    vertex -5.29007 -7.28115 50
    vertex -4.59864 -7.73644 49.0143
  endloop
endfacet
facet normal 0.651452 0.758683 -0.00332932
  outer loop
    vertex -5.3568 -7.2322 48.0981
    vertex -6.36396 -6.36396 48.8789
    vertex -5.29007 -7.28115 50
  endloop
endfacet
facet normal 0.760406 0.649448 3.23765e-13
