solid Created by Gmsh
facet normal 0.105957 0.994371 0
  outer loop
    vertex -1.0536 -4.88773 3.58504
    vertex 0 -5 4.44444
    vertex 0 -5 3.33333
  endloop
endfacet
facet normal 0.994371 0.105957 0
  outer loop
    vertex -5 0 4.44444
    vertex -4.88773 -1.0536 3.58504
    vertex -5 0 3.33333
  endloop
endfacet
facet normal 0.88136 0.471747 -0.0256545
  outer loop
    vertex -4.61828 -1.91611 47.3017
    vertex -4.14044 -2.80299 47.4095
    vertex -4.4037 -2.36799 46.364
  endloop
endfacet
facet normal 0.471747 0.88136 -0.0256545
  outer loop
    vertex -2.80299 -4.14044 47.4095
    vertex -1.91611 -4.61828 47.3017
    vertex -2.36799 -4.4037 46.364
  endloop
endfacet
facet normal 0.0990175 0.995086 -0
  outer loop
    vertex 0 -5 46.6667
    vertex -0.985309 -4.90196 47.2367
    vertex 0 -5 47.7778
  endloop
endfacet
facet normal 0.995086 0.0990175 0
  outer loop
    vertex -4.90196 -0.985309 47.2367
    vertex -5 0 46.6667
    vertex -5 0 47.7778
  endloop
endfacet
facet normal 0.0980111 0.995185 0
  outer loop
    vertex -0.975393 -4.90394 2.35157
    vertex 0 -5 3.33333
    vertex 0 -5 2.22222
  endloop
endfacet
facet normal 0.104432 0.994511 -0.00644519
  outer loop
    vertex 0 -5 3.33333
    vertex -0.975393 -4.90394 2.35157
    vertex -1.0536 -4.88773 3.58504
  endloop
endfacet
facet normal 0.995185 0.0980111 0
  outer loop
    vertex -5 0 3.33333
    vertex -4.90394 -0.975393 2.35157
    vertex -5 0 2.22222
  endloop
endfacet
facet normal 0.994511 0.104432 -0.00644519
  outer loop
    vertex -4.90394 -0.975393 2.35157
    vertex -5 0 3.33333
    vertex -4.88773 -1.0536 3.58504
  endloop
endfacet
facet normal 0.282809 0.959036 -0.0164132
  outer loop
    vertex -0.975393 -4.90394 2.35157
    vertex -1.65947 -4.71658 1.5118
    vertex -1.89574 -4.62668 2.69386
  endloop
endfacet
facet normal 0.23343 0.972007 0.0267043
  outer loop
    vertex -1.65947 -4.71658 1.5118
    vertex -0.975393 -4.90394 2.35157
    vertex -0.679975 -4.95355 1.57497
  endloop
endfacet
facet normal 0.959036 0.282809 -0.0164132
  outer loop
    vertex -4.71658 -1.65947 1.5118
    vertex -4.90394 -0.975393 2.35157
    vertex -4.62668 -1.89574 2.69386
  endloop
endfacet
facet normal 0.972007 0.23343 0.0267043
  outer loop
    vertex -4.90394 -0.975393 2.35157
    vertex -4.71658 -1.65947 1.5118
    vertex -4.95355 -0.679975 1.57497
  endloop
endfacet
facet normal 0.636732 0.771085 -1.29914e-13
  outer loop
    vertex -2.80299 -4.14044 47.4095
    vertex -3.53553 -3.53553 47.1124
    vertex -3.53553 -3.53553 48.0219
  endloop
endfacet
facet normal 0.771085 0.636732 1.299e-13
  outer loop
    vertex -3.53553 -3.53553 47.1124
    vertex -4.14044 -2.80299 47.4095
    vertex -3.53553 -3.53553 48.0219
  endloop
endfacet
facet normal 0.290436 0.956877 0.00584333
  outer loop
    vertex -0.975393 -4.90394 2.35157
    vertex -1.89574 -4.62668 2.69386
    vertex -1.0536 -4.88773 3.58504
  endloop
endfacet
facet normal 0.956877 0.290436 0.00584333
  outer loop
    vertex -4.62668 -1.89574 2.69386
    vertex -4.90394 -0.975393 2.35157
    vertex -4.88773 -1.0536 3.58504
  endloop
endfacet
facet normal 0.068156 0.997675 0
  outer loop
    vertex -0.679975 -4.95355 1.57497
    vertex 0 -5 2.22222
    vertex 0 -5 1.11111
  endloop
endfacet
facet normal 0.0943368 0.995155 -0.0276851
  outer loop
    vertex -0.975393 -4.90394 2.35157
    vertex 0 -5 2.22222
    vertex -0.679975 -4.95355 1.57497
  endloop
endfacet
facet normal 0.997675 0.068156 0
  outer loop
    vertex -5 0 2.22222
    vertex -4.95355 -0.679975 1.57497
    vertex -5 0 1.11111
  endloop
endfacet
facet normal 0.995155 0.0943368 -0.0276851
  outer loop
    vertex -5 0 2.22222
    vertex -4.90394 -0.975393 2.35157
    vertex -4.95355 -0.679975 1.57497
  endloop
endfacet
facet normal 0.932704 0.357866 -0.0446572
  outer loop
    vertex -4.59086 -1.98091 45.5571
    vertex -4.85245 -1.20571 46.3057
    vertex -4.4037 -2.36799 46.364
  endloop
endfacet
facet normal 0.357866 0.932704 -0.0446572
  outer loop
    vertex -1.20571 -4.85245 46.3057
    vertex -1.98091 -4.59086 45.5571
    vertex -2.36799 -4.4037 46.364
  endloop
endfacet
facet normal 0.310333 0.950566 0.0108032
  outer loop
    vertex -1.04233 -4.89015 44.9296
    vertex -1.98091 -4.59086 45.5571
    vertex -1.20571 -4.85245 46.3057
  endloop
endfacet
facet normal 0.112994 0.9935 -0.0138013
  outer loop
    vertex 0 -5 45.5556
    vertex -1.04233 -4.89015 44.9296
    vertex -1.20571 -4.85245 46.3057
  endloop
endfacet
facet normal 0.950566 0.310333 0.0108032
  outer loop
    vertex -4.59086 -1.98091 45.5571
    vertex -4.89015 -1.04233 44.9296
    vertex -4.85245 -1.20571 46.3057
  endloop
endfacet
facet normal 0.9935 0.112994 -0.0138013
  outer loop
    vertex -4.89015 -1.04233 44.9296
    vertex -5 0 45.5556
    vertex -4.85245 -1.20571 46.3057
  endloop
endfacet
facet normal 0.633951 0.773353 -0.00556841
  outer loop
    vertex -3.53553 -3.53553 48.0219
    vertex -2.74081 -4.18186 48.7359
    vertex -2.80299 -4.14044 47.4095
  endloop
endfacet
facet normal 0.773353 0.633951 -0.00556841
  outer loop
    vertex -4.18186 -2.74081 48.7359
    vertex -3.53553 -3.53553 48.0219
    vertex -4.14044 -2.80299 47.4095
  endloop
endfacet
facet normal 0.885793 0.464035 0.00649432
  outer loop
    vertex -4.17247 -2.75508 32.4003
    vertex -4.64966 -1.83865 32.0054
    vertex -4.61761 -1.91772 33.2837
  endloop
endfacet
facet normal 0.774747 0.632271 -2.55519e-05
  outer loop
    vertex -4.17247 -2.75508 32.4003
    vertex -3.53553 -3.53553 32.7651
    vertex -3.53573 -3.53534 31.6901
  endloop
endfacet
facet normal 0.463906 0.885859 0.00666752
  outer loop
    vertex -1.83662 -4.65047 32.0054
    vertex -2.75519 -4.1724 32.4003
    vertex -1.91775 -4.6176 33.2837
  endloop
endfacet
facet normal 0.632295 0.774728 2.55578e-05
  outer loop
    vertex -3.53553 -3.53553 32.7651
    vertex -2.75519 -4.1724 32.4003
    vertex -3.53573 -3.53534 31.6901
  endloop
endfacet
facet normal 0.122293 0.992286 -0.0202994
  outer loop
    vertex -1.28393 -4.83234 4.90503
    vertex 0 -5 4.44444
    vertex -1.0536 -4.88773 3.58504
  endloop
endfacet
facet normal 0.317844 0.948013 0.0156797
  outer loop
    vertex -2.07965 -4.54698 3.782
    vertex -1.28393 -4.83234 4.90503
    vertex -1.0536 -4.88773 3.58504
  endloop
endfacet
facet normal 0.992286 0.122293 -0.0202994
  outer loop
    vertex -5 0 4.44444
    vertex -4.83234 -1.28393 4.90503
    vertex -4.88773 -1.0536 3.58504
  endloop
endfacet
facet normal 0.948013 0.317844 0.0156797
  outer loop
    vertex -4.83234 -1.28393 4.90503
    vertex -4.54698 -2.07965 3.782
    vertex -4.88773 -1.0536 3.58504
  endloop
endfacet
facet normal 0.95597 0.292761 0.0202798
  outer loop
    vertex -4.84576 -1.23234 48.1536
    vertex -4.61828 -1.91611 47.3017
    vertex -4.90196 -0.985309 47.2367
  endloop
endfacet
facet normal 0.292761 0.95597 0.0202798
  outer loop
    vertex -1.91611 -4.61828 47.3017
    vertex -1.23234 -4.84576 48.1536
    vertex -0.985309 -4.90196 47.2367
  endloop
endfacet
facet normal 0.866695 0.498826 0.00368036
  outer loop
    vertex -4.14044 -2.80299 47.4095
    vertex -4.4885 -2.20304 48.0588
    vertex -4.18186 -2.74081 48.7359
  endloop
endfacet
facet normal 0.878413 0.476948 0.0301793
  outer loop
    vertex -4.4885 -2.20304 48.0588
    vertex -4.14044 -2.80299 47.4095
    vertex -4.61828 -1.91611 47.3017
  endloop
endfacet
facet normal 0.88806 0.458128 -0.0383128
  outer loop
    vertex -4.4885 -2.20304 48.0588
    vertex -4.7001 -1.7056 49.1022
    vertex -4.18186 -2.74081 48.7359
  endloop
endfacet
facet normal 0.498826 0.866695 0.00368036
  outer loop
    vertex -2.20304 -4.4885 48.0588
    vertex -2.80299 -4.14044 47.4095
    vertex -2.74081 -4.18186 48.7359
  endloop
endfacet
facet normal 0.476948 0.878413 0.0301793
  outer loop
    vertex -2.80299 -4.14044 47.4095
    vertex -2.20304 -4.4885 48.0588
    vertex -1.91611 -4.61828 47.3017
  endloop
endfacet
facet normal 0.458128 0.88806 -0.0383128
  outer loop
    vertex -1.7056 -4.7001 49.1022
    vertex -2.20304 -4.4885 48.0588
    vertex -2.74081 -4.18186 48.7359
  endloop
endfacet
facet normal 0.893627 0.448289 0.0216382
  outer loop
    vertex -4.16995 -2.75889 1.71405
    vertex -4.71658 -1.65947 1.5118
    vertex -4.62668 -1.89574 2.69386
  endloop
endfacet
facet normal 0.881711 0.471767 -0.00459903
  outer loop
    vertex -4.13825 -2.80622 2.93692
    vertex -4.16995 -2.75889 1.71405
    vertex -4.62668 -1.89574 2.69386
  endloop
endfacet
facet normal 0.448289 0.893627 0.0216382
  outer loop
    vertex -1.65947 -4.71658 1.5118
    vertex -2.75889 -4.16995 1.71405
    vertex -1.89574 -4.62668 2.69386
  endloop
endfacet
facet normal 0.471767 0.881711 -0.00459903
  outer loop
    vertex -2.75889 -4.16995 1.71405
    vertex -2.80622 -4.13825 2.93692
    vertex -1.89574 -4.62668 2.69386
  endloop
endfacet
facet normal 0.839296 0.543473 0.0147807
  outer loop
    vertex -3.96912 -3.04073 46.4232
    vertex -4.4037 -2.36799 46.364
    vertex -4.14044 -2.80299 47.4095
  endloop
endfacet
facet normal 0.543473 0.839296 0.0147807
  outer loop
    vertex -2.36799 -4.4037 46.364
    vertex -3.04073 -3.96912 46.4232
    vertex -2.80299 -4.14044 47.4095
  endloop
endfacet
facet normal 0.620281 0.78438 -9.63416e-05
  outer loop
    vertex -3.53479 -3.53628 19.8602
    vertex -3.53553 -3.53553 21.1281
    vertex -2.6258 -4.25502 20.5187
  endloop
endfacet
facet normal 0.785676 0.618638 9.8242e-05
  outer loop
    vertex -3.53553 -3.53553 21.1281
    vertex -3.53479 -3.53628 19.8602
    vertex -4.26648 -2.60713 20.538
  endloop
endfacet
facet normal 0.995151 0.0980138 -0.0082441
  outer loop
    vertex -4.89272 -1.03019 0.701912
    vertex -4.90393 -0.975452 0
    vertex -5 0 0
  endloop
endfacet
facet normal 0.995346 0.0905304 0.0330323
  outer loop
    vertex -4.89272 -1.03019 0.701912
    vertex -5 0 1.11111
    vertex -4.95355 -0.679975 1.57497
  endloop
endfacet
facet normal 0.994622 0.103576 0
  outer loop
    vertex -5 0 1.11111
    vertex -4.89272 -1.03019 0.701912
    vertex -5 0 0
  endloop
endfacet
facet normal 0.0980138 0.995151 -0.0082441
  outer loop
    vertex -0.975452 -4.90393 0
    vertex -1.03019 -4.89272 0.701912
    vertex 0 -5 0
  endloop
endfacet
facet normal 0.0905304 0.995346 0.0330323
  outer loop
    vertex 0 -5 1.11111
    vertex -1.03019 -4.89272 0.701912
    vertex -0.679975 -4.95355 1.57497
  endloop
endfacet
facet normal 0.103576 0.994622 0
  outer loop
    vertex -1.03019 -4.89272 0.701912
    vertex 0 -5 1.11111
    vertex 0 -5 0
  endloop
endfacet
facet normal 0.937151 0.347729 -0.0288653
  outer loop
    vertex -4.84576 -1.23234 48.1536
    vertex -4.4885 -2.20304 48.0588
    vertex -4.61828 -1.91611 47.3017
  endloop
endfacet
facet normal 0.938968 0.342948 0.0269215
  outer loop
    vertex -4.84576 -1.23234 48.1536
    vertex -4.7001 -1.7056 49.1022
    vertex -4.4885 -2.20304 48.0588
  endloop
endfacet
facet normal 0.347729 0.937151 -0.0288653
  outer loop
    vertex -2.20304 -4.4885 48.0588
    vertex -1.23234 -4.84576 48.1536
    vertex -1.91611 -4.61828 47.3017
  endloop
endfacet
facet normal 0.342948 0.938968 0.0269215
  outer loop
    vertex -1.7056 -4.7001 49.1022
    vertex -1.23234 -4.84576 48.1536
    vertex -2.20304 -4.4885 48.0588
  endloop
endfacet
facet normal 0.641764 0.7666 -0.0215378
  outer loop
    vertex -3.04073 -3.96912 46.4232
    vertex -3.53553 -3.53553 47.1124
    vertex -2.80299 -4.14044 47.4095
  endloop
endfacet
facet normal 0.7666 0.641764 -0.0215378
  outer loop
    vertex -3.53553 -3.53553 47.1124
    vertex -3.96912 -3.04073 46.4232
    vertex -4.14044 -2.80299 47.4095
  endloop
endfacet
facet normal 0.77582 0.630954 1.85758e-13
  outer loop
    vertex -4.18186 -2.74081 48.7359
    vertex -3.53553 -3.53553 49.2045
    vertex -3.53553 -3.53553 48.0219
  endloop
endfacet
facet normal 0.630954 0.77582 -1.85767e-13
  outer loop
    vertex -3.53553 -3.53553 49.2045
    vertex -2.74081 -4.18186 48.7359
    vertex -3.53553 -3.53553 48.0219
  endloop
endfacet
facet normal 0.361603 0.93152 0.0389075
  outer loop
    vertex -1.91611 -4.61828 47.3017
    vertex -1.20571 -4.85245 46.3057
    vertex -2.36799 -4.4037 46.364
  endloop
endfacet
facet normal 0.290337 0.956758 -0.0178583
  outer loop
    vertex -1.91611 -4.61828 47.3017
    vertex -0.985309 -4.90196 47.2367
    vertex -1.20571 -4.85245 46.3057
  endloop
endfacet
facet normal 0.93152 0.361603 0.0389075
  outer loop
    vertex -4.85245 -1.20571 46.3057
    vertex -4.61828 -1.91611 47.3017
    vertex -4.4037 -2.36799 46.364
  endloop
endfacet
facet normal 0.956758 0.290337 -0.0178583
  outer loop
    vertex -4.90196 -0.985309 47.2367
    vertex -4.61828 -1.91611 47.3017
    vertex -4.85245 -1.20571 46.3057
  endloop
endfacet
facet normal 0.11518 0.992897 -0.0298264
  outer loop
    vertex 0 -5 47.7778
    vertex -0.985309 -4.90196 47.2367
    vertex -1.23234 -4.84576 48.1536
  endloop
endfacet
facet normal 0.992897 0.11518 -0.0298264
  outer loop
    vertex -4.90196 -0.985309 47.2367
    vertex -5 0 47.7778
    vertex -4.84576 -1.23234 48.1536
  endloop
endfacet
facet normal 0.773518 0.633752 0.00529166
  outer loop
    vertex -4.13799 -2.8066 33.5305
    vertex -3.53553 -3.53553 32.7651
    vertex -4.17247 -2.75508 32.4003
  endloop
endfacet
facet normal 0.88066 0.47372 -0.00527191
  outer loop
    vertex -4.61761 -1.91772 33.2837
    vertex -4.13799 -2.8066 33.5305
    vertex -4.17247 -2.75508 32.4003
  endloop
endfacet
facet normal 0.63376 0.773512 0.00528275
  outer loop
    vertex -3.53553 -3.53553 32.7651
    vertex -2.80662 -4.13798 33.5305
    vertex -2.75519 -4.1724 32.4003
  endloop
endfacet
facet normal 0.473727 0.880656 -0.00526375
  outer loop
    vertex -2.80662 -4.13798 33.5305
    vertex -1.91775 -4.6176 33.2837
    vertex -2.75519 -4.1724 32.4003
  endloop
endfacet
facet normal 0.854267 0.519161 0.0264624
  outer loop
    vertex -3.97 -3.03959 14.197
    vertex -4.53173 -2.11268 14.1461
    vertex -4.26948 -2.60221 15.2842
  endloop
endfacet
facet normal 0.521038 0.85309 0.0275193
  outer loop
    vertex -2.11776 -4.52936 14.141
    vertex -3.05141 -3.96092 14.1969
    vertex -2.66676 -4.22947 15.239
  endloop
endfacet
facet normal 0.493077 0.869948 0.00807056
  outer loop
    vertex -1.89853 -4.62553 10.7748
    vertex -2.94801 -4.03847 11.612
    vertex -1.97525 -4.5933 11.987
  endloop
endfacet
facet normal 0.873906 0.486068 0.005097
  outer loop
    vertex -4.07467 -2.89777 11.6168
    vertex -4.62553 -1.89853 10.7748
    vertex -4.60434 -1.94938 11.9891
  endloop
endfacet
facet normal 0.962212 0.271725 0.01769
  outer loop
    vertex -4.65176 -1.83334 26.7825
    vertex -4.92411 -0.867828 26.766
    vertex -4.85621 -1.19046 28.0286
  endloop
endfacet
facet normal 0.0926975 0.995694 -0
  outer loop
    vertex 0 -5 31.1111
    vertex -0.922983 -4.91407 31.5288
    vertex 0 -5 32.2222
  endloop
endfacet
facet normal 0.272856 0.962013 -0.00902449
  outer loop
    vertex -1.83662 -4.65047 32.0054
    vertex -0.922983 -4.91407 31.5288
    vertex -1.7312 -4.69073 30.9006
  endloop
endfacet
facet normal 0.995699 0.0926475 0
  outer loop
    vertex -4.91416 -0.92249 31.5346
    vertex -5 0 31.1111
    vertex -5 0 32.2222
  endloop
endfacet
facet normal 0.961983 0.272951 -0.00930238
  outer loop
    vertex -4.91416 -0.92249 31.5346
    vertex -4.64966 -1.83865 32.0054
    vertex -4.69118 -1.72997 30.9006
  endloop
endfacet
facet normal 0.625542 0.780094 0.0122613
  outer loop
    vertex -2.63014 -4.25234 31.1063
    vertex -3.53573 -3.53534 31.6901
    vertex -2.75519 -4.1724 32.4003
  endloop
endfacet
facet normal 0.458032 0.888872 -0.0106452
  outer loop
    vertex -1.83662 -4.65047 32.0054
    vertex -2.63014 -4.25234 31.1063
    vertex -2.75519 -4.1724 32.4003
  endloop
endfacet
facet normal 0.440024 0.897938 0.00926131
  outer loop
    vertex -2.63014 -4.25234 31.1063
    vertex -1.83662 -4.65047 32.0054
    vertex -1.7312 -4.69073 30.9006
  endloop
endfacet
facet normal 0.779602 0.626178 0.0110217
  outer loop
    vertex -3.53573 -3.53534 31.6901
    vertex -4.2451 -2.64181 31.1019
    vertex -4.17247 -2.75508 32.4003
  endloop
endfacet
facet normal 0.888625 0.458531 -0.0097016
  outer loop
    vertex -4.2451 -2.64181 31.1019
    vertex -4.64966 -1.83865 32.0054
    vertex -4.17247 -2.75508 32.4003
  endloop
endfacet
facet normal 0.897382 0.441149 0.00967024
  outer loop
    vertex -4.64966 -1.83865 32.0054
    vertex -4.2451 -2.64181 31.1019
    vertex -4.69118 -1.72997 30.9006
  endloop
endfacet
facet normal 0.626031 0.779788 -0.00408897
  outer loop
    vertex -3.57356 -3.4971 16.0729
    vertex -2.62361 -4.25637 16.715
    vertex -2.66676 -4.22947 15.239
  endloop
endfacet
facet normal 0.439148 0.898408 0.00353554
  outer loop
    vertex -2.62361 -4.25637 16.715
    vertex -1.71435 -4.69692 15.7222
    vertex -2.66676 -4.22947 15.239
  endloop
endfacet
facet normal 0.793522 0.608463 -0.00979885
  outer loop
    vertex -4.33218 -2.49644 16.7749
    vertex -3.57356 -3.4971 16.0729
    vertex -4.26948 -2.60221 15.2842
  endloop
endfacet
facet normal 0.914707 0.403999 0.00980548
  outer loop
    vertex -4.78644 -1.44568 15.8579
    vertex -4.33218 -2.49644 16.7749
    vertex -4.26948 -2.60221 15.2842
  endloop
endfacet
facet normal 0.0935969 0.99561 -0
  outer loop
    vertex 0 -5 24.4444
    vertex -0.93186 -4.9124 24.6718
    vertex 0 -5 25.5556
  endloop
endfacet
facet normal 0.283924 0.958846 0.00107616
  outer loop
    vertex -1.88904 -4.62942 25.0758
    vertex -0.94442 -4.91 25.8479
    vertex -0.93186 -4.9124 24.6718
  endloop
endfacet
facet normal 0.0945567 0.995519 -0.00102109
  outer loop
    vertex -0.94442 -4.91 25.8479
    vertex 0 -5 25.5556
    vertex -0.93186 -4.9124 24.6718
  endloop
endfacet
facet normal 0.45536 0.890307 -0.00114441
  outer loop
    vertex -1.91959 -4.61683 37.9029
    vertex -2.62307 -4.2567 38.1599
    vertex -1.90532 -4.62275 38.9858
  endloop
endfacet
facet normal 0.470262 0.882351 -0.0176214
  outer loop
    vertex -2.77603 -4.15857 38.9919
    vertex -1.90532 -4.62275 38.9858
    vertex -2.62307 -4.2567 38.1599
  endloop
endfacet
facet normal 0.890307 0.45536 -0.00114441
  outer loop
    vertex -4.2567 -2.62307 38.1599
    vertex -4.61683 -1.91959 37.9029
    vertex -4.62275 -1.90532 38.9858
  endloop
endfacet
facet normal 0.882351 0.470262 -0.0176214
  outer loop
    vertex -4.62275 -1.90532 38.9858
    vertex -4.15857 -2.77603 38.9919
    vertex -4.2567 -2.62307 38.1599
  endloop
endfacet
facet normal 0.957314 0.288455 -0.0185429
  outer loop
    vertex -4.90365 -0.976822 28.9027
    vertex -4.61426 -1.92579 29.0813
    vertex -4.85621 -1.19046 28.0286
  endloop
endfacet
facet normal 0.094362 0.995538 -0
  outer loop
    vertex 0 -5 27.7778
    vertex -0.939409 -4.91096 28.104
    vertex 0 -5 28.8889
  endloop
endfacet
facet normal 0.284586 0.95865 -0.000590551
  outer loop
    vertex -1.89662 -4.62632 28.8818
    vertex -0.939409 -4.91096 28.104
    vertex -1.88875 -4.62954 27.4508
  endloop
endfacet
facet normal 0.288177 0.957568 0.00422462
  outer loop
    vertex -1.89662 -4.62632 28.8818
    vertex -0.972467 -4.90452 28.8995
    vertex -0.939409 -4.91096 28.104
  endloop
endfacet
facet normal 0.0976705 0.995211 -0.00399681
  outer loop
    vertex -0.972467 -4.90452 28.8995
    vertex 0 -5 28.8889
    vertex -0.939409 -4.91096 28.104
  endloop
endfacet
facet normal 0.820157 0.571144 0.0337204
  outer loop
    vertex -3.72444 -3.33595 27.8174
    vertex -4.40362 -2.36814 27.9444
    vertex -3.96691 -3.04361 28.7635
  endloop
endfacet
facet normal 0.859904 0.508985 -0.0387264
  outer loop
    vertex -4.40362 -2.36814 27.9444
    vertex -4.61426 -1.92579 29.0813
    vertex -3.96691 -3.04361 28.7635
  endloop
endfacet
facet normal 0.478632 0.878015 0.000656913
  outer loop
    vertex -2.86567 -4.09731 27.8764
    vertex -1.89662 -4.62632 28.8818
    vertex -1.88875 -4.62954 27.4508
  endloop
endfacet
facet normal 0.478365 0.878161 0.000991462
  outer loop
    vertex -2.85849 -4.10232 28.8516
    vertex -1.89662 -4.62632 28.8818
    vertex -2.86567 -4.09731 27.8764
  endloop
endfacet
facet normal 0.784328 0.620329 -0.00462692
  outer loop
    vertex -4.24022 -2.64963 19.1524
    vertex -3.53479 -3.53628 19.8602
    vertex -3.57687 -3.49371 18.4341
  endloop
endfacet
facet normal 0.896791 0.442441 0.00342737
  outer loop
    vertex -4.24022 -2.64963 19.1524
    vertex -4.67715 -1.76755 19.6106
    vertex -4.26648 -2.60713 20.538
  endloop
endfacet
facet normal 0.784153 0.620554 -0.00417115
  outer loop
    vertex -4.24022 -2.64963 19.1524
    vertex -4.26648 -2.60713 20.538
    vertex -3.53479 -3.53628 19.8602
  endloop
endfacet
facet normal 0.640289 0.768124 0.00403573
  outer loop
    vertex -3.53479 -3.53628 19.8602
    vertex -2.81588 -4.13168 19.1258
    vertex -3.57687 -3.49371 18.4341
  endloop
endfacet
facet normal 0.466535 0.884382 0.0146419
  outer loop
    vertex -1.89806 -4.62573 19.722
    vertex -2.81588 -4.13168 19.1258
    vertex -2.6258 -4.25502 20.5187
  endloop
endfacet
facet normal 0.627577 0.778375 -0.0167211
  outer loop
    vertex -2.6258 -4.25502 20.5187
    vertex -2.81588 -4.13168 19.1258
    vertex -3.53479 -3.53628 19.8602
  endloop
endfacet
facet normal 0.996188 0.08723 0
  outer loop
    vertex -4.92391 -0.868975 19.2106
    vertex -5 0 18.8889
    vertex -5 0 20
  endloop
endfacet
facet normal 0.961436 0.274094 0.0226377
  outer loop
    vertex -4.88019 -1.08801 20.0058
    vertex -4.67715 -1.76755 19.6106
    vertex -4.92391 -0.868975 19.2106
  endloop
endfacet
facet normal 0.993706 0.109297 -0.0245307
  outer loop
    vertex -5 0 20
    vertex -4.88019 -1.08801 20.0058
    vertex -4.92391 -0.868975 19.2106
  endloop
endfacet
facet normal 0.0989467 0.995093 -0
  outer loop
    vertex 0 -5 18.8889
    vertex -0.984611 -4.9021 19.3123
    vertex 0 -5 20
  endloop
endfacet
facet normal 0.770832 0.637039 1.19774e-16
  outer loop
    vertex -3.53553 -3.53553 35.2708
    vertex -3.53553 -3.53553 33.901
    vertex -4.13821 -2.80628 34.6763
  endloop
endfacet
facet normal 0.874964 0.483995 -0.0136571
  outer loop
    vertex -4.60253 -1.95365 35.1456
    vertex -4.13821 -2.80628 34.6763
    vertex -4.54072 -2.0933 34.1566
  endloop
endfacet
facet normal 0.637039 0.770832 3.36647e-16
  outer loop
    vertex -3.53553 -3.53553 33.901
    vertex -3.53553 -3.53553 35.2708
    vertex -2.80628 -4.13821 34.6763
  endloop
endfacet
facet normal 0.483995 0.874964 -0.013657
  outer loop
    vertex -2.80628 -4.13821 34.6763
    vertex -1.95365 -4.60253 35.1456
    vertex -2.0933 -4.54072 34.1566
  endloop
endfacet
facet normal 0.951502 0.30722 0.0160869
  outer loop
    vertex -4.90328 -0.978695 34.3152
    vertex -4.60253 -1.95365 35.1456
    vertex -4.54072 -2.0933 34.1566
  endloop
endfacet
facet normal 0.955832 0.29391 -0.00110821
  outer loop
    vertex -4.90539 -0.968053 35.3158
    vertex -4.60253 -1.95365 35.1456
    vertex -4.90328 -0.978695 34.3152
  endloop
endfacet
facet normal 0.307221 0.951502 0.0160866
  outer loop
    vertex -1.95365 -4.60253 35.1456
    vertex -0.978704 -4.90328 34.3152
    vertex -2.0933 -4.54072 34.1566
  endloop
endfacet
facet normal 0.293911 0.955832 -0.00110897
  outer loop
    vertex -1.95365 -4.60253 35.1456
    vertex -0.968055 -4.90539 35.3158
    vertex -0.978704 -4.90328 34.3152
  endloop
endfacet
facet normal 0.955099 0.296061 -0.0116017
  outer loop
    vertex -4.62275 -1.90532 38.9858
    vertex -4.91346 -0.92625 40.0378
    vertex -4.56607 -2.0374 40.2809
  endloop
endfacet
facet normal 0.957317 0.289007 -0.0044236
  outer loop
    vertex -4.62275 -1.90532 38.9858
    vertex -4.90435 -0.973302 38.9338
    vertex -4.91346 -0.92625 40.0378
  endloop
endfacet
facet normal 0.296061 0.955099 -0.0116017
  outer loop
    vertex -0.92625 -4.91346 40.0378
    vertex -1.90532 -4.62275 38.9858
    vertex -2.0374 -4.56607 40.2809
  endloop
endfacet
facet normal 0.289007 0.957317 -0.0044236
  outer loop
    vertex -0.973302 -4.90435 38.9338
    vertex -1.90532 -4.62275 38.9858
    vertex -0.92625 -4.91346 40.0378
  endloop
endfacet
facet normal 0.875887 0.482393 0.0108692
  outer loop
    vertex -4.14883 -2.79055 40.0842
    vertex -4.62275 -1.90532 38.9858
    vertex -4.56607 -2.0374 40.2809
  endloop
endfacet
facet normal 0.882441 0.470421 -0.00160738
  outer loop
    vertex -4.15857 -2.77603 38.9919
    vertex -4.62275 -1.90532 38.9858
    vertex -4.14883 -2.79055 40.0842
  endloop
endfacet
facet normal 0.482393 0.875887 0.0108692
  outer loop
    vertex -1.90532 -4.62275 38.9858
    vertex -2.79055 -4.14883 40.0842
    vertex -2.0374 -4.56607 40.2809
  endloop
endfacet
facet normal 0.470421 0.882441 -0.00160738
  outer loop
    vertex -1.90532 -4.62275 38.9858
    vertex -2.77603 -4.15857 38.9919
    vertex -2.79055 -4.14883 40.0842
  endloop
endfacet
facet normal 0.629621 0.776875 -0.00652339
  outer loop
    vertex -2.78012 -4.15583 29.8514
    vertex -3.46664 -3.60311 29.4143
    vertex -3.52582 -3.54522 30.5965
  endloop
endfacet
facet normal 0.63012 0.776458 -0.00783524
  outer loop
    vertex -2.85849 -4.10232 28.8516
    vertex -3.46664 -3.60311 29.4143
    vertex -2.78012 -4.15583 29.8514
  endloop
endfacet
facet normal 0.48024 0.877055 0.0120136
  outer loop
    vertex -2.78012 -4.15583 29.8514
    vertex -2.05493 -4.55821 30.2377
    vertex -1.89662 -4.62632 28.8818
  endloop
endfacet
facet normal 0.478137 0.878234 0.00952483
  outer loop
    vertex -1.89662 -4.62632 28.8818
    vertex -2.85849 -4.10232 28.8516
    vertex -2.78012 -4.15583 29.8514
  endloop
endfacet
facet normal 0.764107 0.645055 0.00666356
  outer loop
    vertex -3.46664 -3.60311 29.4143
    vertex -4.11855 -2.83506 29.8182
    vertex -3.52582 -3.54522 30.5965
  endloop
endfacet
facet normal 0.756939 0.653169 -0.0203326
  outer loop
    vertex -3.46664 -3.60311 29.4143
    vertex -3.96691 -3.04361 28.7635
    vertex -4.11855 -2.83506 29.8182
  endloop
endfacet
facet normal 0.873728 0.48626 0.0122555
  outer loop
    vertex -4.55636 -2.05902 30.2403
    vertex -4.11855 -2.83506 29.8182
    vertex -4.61426 -1.92579 29.0813
  endloop
endfacet
facet normal 0.868354 0.495214 0.0269201
  outer loop
    vertex -3.96691 -3.04361 28.7635
    vertex -4.61426 -1.92579 29.0813
    vertex -4.11855 -2.83506 29.8182
  endloop
endfacet
facet normal 0.467227 0.88411 -0.00691312
  outer loop
    vertex -2.10114 -4.53709 44.3076
    vertex -2.66611 -4.22988 45.4132
    vertex -1.98091 -4.59086 45.5571
  endloop
endfacet
facet normal 0.88411 0.467227 -0.00691312
  outer loop
    vertex -4.22988 -2.66611 45.4132
    vertex -4.53709 -2.10114 44.3076
    vertex -4.59086 -1.98091 45.5571
  endloop
endfacet
facet normal 0.636747 0.771067 -0.00299168
  outer loop
    vertex -2.78713 -4.15113 8.58225
    vertex -3.53553 -3.53553 7.95552
    vertex -3.56597 -3.50483 9.39009
  endloop
endfacet
facet normal 0.475001 0.879922 0.0105616
  outer loop
    vertex -2.78713 -4.15113 8.58225
    vertex -2.02945 -4.56961 9.37081
    vertex -1.88366 -4.63161 7.97955
  endloop
endfacet
facet normal 0.773466 0.633831 0.00284561
  outer loop
    vertex -3.53553 -3.53553 7.95552
    vertex -4.15113 -2.78713 8.58225
    vertex -3.56597 -3.50483 9.39009
  endloop
endfacet
facet normal 0.879922 0.475001 0.0105616
  outer loop
    vertex -4.56961 -2.02945 9.37081
    vertex -4.15113 -2.78713 8.58225
    vertex -4.63161 -1.88366 7.97955
  endloop
endfacet
facet normal 0.770815 0.637059 -3.16713e-05
  outer loop
    vertex -4.13821 -2.80628 34.6763
    vertex -3.53553 -3.53553 33.901
    vertex -4.13799 -2.8066 33.5305
  endloop
endfacet
facet normal 0.877688 0.478855 0.0190014
  outer loop
    vertex -4.13799 -2.8066 33.5305
    vertex -4.61761 -1.91772 33.2837
    vertex -4.54072 -2.0933 34.1566
  endloop
endfacet
facet normal 0.870808 0.491624 2.74202e-05
  outer loop
    vertex -4.54072 -2.0933 34.1566
    vertex -4.13821 -2.80628 34.6763
    vertex -4.13799 -2.8066 33.5305
  endloop
endfacet
facet normal 0.63706 0.770814 -3.3851e-05
  outer loop
    vertex -3.53553 -3.53553 33.901
    vertex -2.80628 -4.13821 34.6763
    vertex -2.80662 -4.13798 33.5305
  endloop
endfacet
facet normal 0.47886 0.877686 0.0189988
  outer loop
    vertex -1.91775 -4.6176 33.2837
    vertex -2.80662 -4.13798 33.5305
    vertex -2.0933 -4.54072 34.1566
  endloop
endfacet
facet normal 0.491625 0.870807 2.93081e-05
  outer loop
    vertex -2.80628 -4.13821 34.6763
    vertex -2.0933 -4.54072 34.1566
    vertex -2.80662 -4.13798 33.5305
  endloop
endfacet
facet normal 0.0930284 0.995663 -0
  outer loop
    vertex 0 -5 40
    vertex -0.92625 -4.91346 40.0378
    vertex 0 -5 41.1111
  endloop
endfacet
facet normal 0.0912079 0.995831 0.00158452
  outer loop
    vertex -0.908069 -4.91685 41.1234
    vertex 0 -5 41.1111
    vertex -0.92625 -4.91346 40.0378
  endloop
endfacet
facet normal 0.635575 0.772039 -5.82625e-15
  outer loop
    vertex -3.53553 -3.53553 40.0876
    vertex -3.53553 -3.53553 40.9718
    vertex -2.79055 -4.14883 40.0842
  endloop
endfacet
facet normal 0.772039 0.635575 5.82625e-15
  outer loop
    vertex -3.53553 -3.53553 40.9718
    vertex -3.53553 -3.53553 40.0876
    vertex -4.14883 -2.79055 40.0842
  endloop
endfacet
facet normal 0.995663 0.0930284 0
  outer loop
    vertex -4.91346 -0.92625 40.0378
    vertex -5 0 40
    vertex -5 0 41.1111
  endloop
endfacet
facet normal 0.995831 0.0912079 0.00158452
  outer loop
    vertex -5 0 41.1111
    vertex -4.91685 -0.908069 41.1234
    vertex -4.91346 -0.92625 40.0378
  endloop
endfacet
facet normal 0.995152 0.0983462 0
  outer loop
    vertex -5 0 34.4444
    vertex -4.90328 -0.978695 34.3152
    vertex -5 0 33.3333
  endloop
endfacet
facet normal 0.949866 0.311956 -0.0209309
  outer loop
    vertex -4.61761 -1.91772 33.2837
    vertex -4.90328 -0.978695 34.3152
    vertex -4.54072 -2.0933 34.1566
  endloop
endfacet
facet normal 0.957188 0.289462 0.00157576
  outer loop
    vertex -4.61761 -1.91772 33.2837
    vertex -4.908 -0.954742 32.7824
    vertex -4.90328 -0.978695 34.3152
  endloop
endfacet
facet normal 0.995302 0.0968038 -0.00155227
  outer loop
    vertex -4.908 -0.954742 32.7824
    vertex -5 0 33.3333
    vertex -4.90328 -0.978695 34.3152
  endloop
endfacet
facet normal 0.0983472 0.995152 0
  outer loop
    vertex -0.978704 -4.90328 34.3152
    vertex 0 -5 34.4444
    vertex 0 -5 33.3333
  endloop
endfacet
facet normal 0.311957 0.949866 -0.020928
  outer loop
    vertex -0.978704 -4.90328 34.3152
    vertex -1.91775 -4.6176 33.2837
    vertex -2.0933 -4.54072 34.1566
  endloop
endfacet
facet normal 0.289448 0.957192 0.00159318
  outer loop
    vertex -0.954474 -4.90805 32.7814
    vertex -1.91775 -4.6176 33.2837
    vertex -0.978704 -4.90328 34.3152
  endloop
endfacet
facet normal 0.096788 0.995304 -0.00156908
  outer loop
    vertex 0 -5 33.3333
    vertex -0.954474 -4.90805 32.7814
    vertex -0.978704 -4.90328 34.3152
  endloop
endfacet
facet normal 0.995048 0.0993982 0
  outer loop
    vertex -4.9012 -0.98906 13.3718
    vertex -5 0 13.3333
    vertex -5 0 14.4444
  endloop
endfacet
facet normal 0.951426 0.307792 -0.00733779
  outer loop
    vertex -4.9012 -0.98906 13.3718
    vertex -4.53173 -2.11268 14.1461
    vertex -4.55773 -2.05599 13.1528
  endloop
endfacet
facet normal 0.948339 0.317164 0.00773586
  outer loop
    vertex -4.88205 -1.07964 14.7375
    vertex -4.53173 -2.11268 14.1461
    vertex -4.9012 -0.98906 13.3718
  endloop
endfacet
facet normal 0.994261 0.106763 -0.0068632
  outer loop
    vertex -5 0 14.4444
    vertex -4.88205 -1.07964 14.7375
    vertex -4.9012 -0.98906 13.3718
  endloop
endfacet
facet normal 0.0993982 0.995048 -0
  outer loop
    vertex 0 -5 13.3333
    vertex -0.98906 -4.9012 13.3718
    vertex 0 -5 14.4444
  endloop
endfacet
facet normal 0.308056 0.951336 -0.00785556
  outer loop
    vertex -2.11776 -4.52936 14.141
    vertex -0.98906 -4.9012 13.3718
    vertex -2.05763 -4.55699 13.1528
  endloop
endfacet
facet normal 0.316383 0.948615 0.00567818
  outer loop
    vertex -2.11776 -4.52936 14.141
    vertex -1.06277 -4.88575 14.8971
    vertex -0.98906 -4.9012 13.3718
  endloop
endfacet
facet normal 0.104777 0.994483 -0.00501178
  outer loop
    vertex -1.06277 -4.88575 14.8971
    vertex 0 -5 14.4444
    vertex -0.98906 -4.9012 13.3718
  endloop
endfacet
facet normal 0.996348 0.0853806 0
  outer loop
    vertex -4.9271 -0.850689 10.0156
    vertex -5 0 10
    vertex -5 0 11.1111
  endloop
endfacet
facet normal 0.959158 0.282719 0.00921528
  outer loop
    vertex -4.90393 -0.975448 11.4311
    vertex -4.62553 -1.89853 10.7748
    vertex -4.9271 -0.850689 10.0156
  endloop
endfacet
facet normal 0.995403 0.0954519 -0.00788376
  outer loop
    vertex -5 0 11.1111
    vertex -4.90393 -0.975448 11.4311
    vertex -4.9271 -0.850689 10.0156
  endloop
endfacet
facet normal 0.0853806 0.996348 -0
  outer loop
    vertex 0 -5 10
    vertex -0.850689 -4.9271 10.0156
    vertex 0 -5 11.1111
  endloop
endfacet
facet normal 0.282719 0.959158 0.00921528
  outer loop
    vertex -1.89853 -4.62553 10.7748
    vertex -0.975448 -4.90393 11.4311
    vertex -0.850689 -4.9271 10.0156
  endloop
endfacet
facet normal 0.0954519 0.995403 -0.00788376
  outer loop
    vertex -0.975448 -4.90393 11.4311
    vertex 0 -5 11.1111
    vertex -0.850689 -4.9271 10.0156
  endloop
endfacet
facet normal 0.880841 0.473182 -0.0147309
  outer loop
    vertex -4.62553 -1.89853 10.7748
    vertex -4.07467 -2.89777 11.6168
    vertex -4.18821 -2.7311 10.1814
  endloop
endfacet
facet normal 0.483039 0.875558 -0.00844528
  outer loop
    vertex -2.94801 -4.03847 11.612
    vertex -1.89853 -4.62553 10.7748
    vertex -2.86329 -4.09897 10.1852
  endloop
endfacet
facet normal 0.779634 0.626189 0.00762268
  outer loop
    vertex -4.18365 -2.73807 21.9066
    vertex -3.61828 -3.4508 22.6309
    vertex -3.53553 -3.53553 21.1281
  endloop
endfacet
facet normal 0.637202 0.770651 -0.00836546
  outer loop
    vertex -3.61828 -3.4508 22.6309
    vertex -2.75331 -4.17364 21.9261
    vertex -3.53553 -3.53553 21.1281
  endloop
endfacet
facet normal 0.464711 0.885462 -0.000698829
  outer loop
    vertex -1.87432 -4.6354 21.3639
    vertex -2.75331 -4.17364 21.9261
    vertex -1.86635 -4.63861 22.5912
  endloop
endfacet
facet normal 0.996687 0.0813289 0
  outer loop
    vertex -5 0 22.2222
    vertex -4.93386 -0.810594 22.185
    vertex -5 0 21.1111
  endloop
endfacet
facet normal 0.961896 0.273238 -0.00984121
  outer loop
    vertex -4.64712 -1.84508 21.4894
    vertex -4.91209 -0.933448 20.901
    vertex -4.93386 -0.810594 22.185
  endloop
endfacet
facet normal 0.995731 0.0919521 0.00807785
  outer loop
    vertex -4.91209 -0.933448 20.901
    vertex -5 0 21.1111
    vertex -4.93386 -0.810594 22.185
  endloop
endfacet
facet normal 0.0936883 0.995602 0
  outer loop
    vertex -0.932762 -4.91223 21.9592
    vertex 0 -5 22.2222
    vertex 0 -5 21.1111
  endloop
endfacet
facet normal 0.281672 0.959511 0.000684446
  outer loop
    vertex -0.932762 -4.91223 21.9592
    vertex -1.87432 -4.6354 21.3639
    vertex -1.86635 -4.63861 22.5912
  endloop
endfacet
facet normal 0.286138 0.958163 -0.00700668
  outer loop
    vertex -1.03678 -4.89133 20.569
    vertex -1.87432 -4.6354 21.3639
    vertex -0.932762 -4.91223 21.9592
  endloop
endfacet
facet normal 0.100392 0.99492 0.00744407
  outer loop
    vertex 0 -5 21.1111
    vertex -1.03678 -4.89133 20.569
    vertex -0.932762 -4.91223 21.9592
  endloop
endfacet
facet normal 0.271515 0.962427 0.00379687
  outer loop
    vertex -0.908069 -4.91685 41.1234
    vertex -1.78649 -4.66995 41.3561
    vertex -0.963812 -4.90623 42.417
  endloop
endfacet
facet normal 0.962427 0.271515 0.00379687
  outer loop
    vertex -4.66995 -1.78649 41.3561
    vertex -4.91685 -0.908069 41.1234
    vertex -4.90623 -0.963812 42.417
  endloop
endfacet
facet normal 0.490408 0.871477 0.0052498
  outer loop
    vertex -2.10114 -4.53709 44.3076
    vertex -2.01867 -4.57438 42.7937
    vertex -2.82931 -4.1225 43.5062
  endloop
endfacet
facet normal 0.639185 0.769053 -2.48977e-14
  outer loop
    vertex -3.53553 -3.53553 44.0202
    vertex -2.82931 -4.1225 43.5062
    vertex -3.53553 -3.53553 43.0798
  endloop
endfacet
facet normal 0.871477 0.490408 0.0052498
  outer loop
    vertex -4.57438 -2.01867 42.7937
    vertex -4.53709 -2.10114 44.3076
    vertex -4.1225 -2.82931 43.5062
  endloop
endfacet
facet normal 0.769053 0.639185 2.49392e-14
  outer loop
    vertex -4.1225 -2.82931 43.5062
    vertex -3.53553 -3.53553 44.0202
    vertex -3.53553 -3.53553 43.0798
  endloop
endfacet
facet normal 0.996348 0.0853806 0
  outer loop
    vertex -5 0 10
    vertex -4.9271 -0.850689 10.0156
    vertex -5 0 8.88889
  endloop
endfacet
facet normal 0.955595 0.294556 -0.00867421
  outer loop
    vertex -4.56961 -2.02945 9.37081
    vertex -4.90716 -0.959047 8.53279
    vertex -4.9271 -0.850689 10.0156
  endloop
endfacet
facet normal 0.995555 0.0939515 0.0065222
  outer loop
    vertex -4.90716 -0.959047 8.53279
    vertex -5 0 8.88889
    vertex -4.9271 -0.850689 10.0156
  endloop
endfacet
facet normal 0.0853806 0.996348 0
  outer loop
    vertex -0.850689 -4.9271 10.0156
    vertex 0 -5 10
    vertex 0 -5 8.88889
  endloop
endfacet
facet normal 0.294556 0.955595 -0.00867421
  outer loop
    vertex -0.959047 -4.90716 8.53279
    vertex -2.02945 -4.56961 9.37081
    vertex -0.850689 -4.9271 10.0156
  endloop
endfacet
facet normal 0.0939515 0.995555 0.0065222
  outer loop
    vertex 0 -5 8.88889
    vertex -0.959047 -4.90716 8.53279
    vertex -0.850689 -4.9271 10.0156
  endloop
endfacet
facet normal 0.995389 0.0959164 0
  outer loop
    vertex -4.908 -0.954742 32.7824
    vertex -5 0 32.2222
    vertex -5 0 33.3333
  endloop
endfacet
facet normal 0.958307 0.28567 -0.00635682
  outer loop
    vertex -4.908 -0.954742 32.7824
    vertex -4.61761 -1.91772 33.2837
    vertex -4.64966 -1.83865 32.0054
  endloop
endfacet
facet normal 0.0958892 0.995392 -0
  outer loop
    vertex 0 -5 32.2222
    vertex -0.954474 -4.90805 32.7814
    vertex 0 -5 33.3333
  endloop
endfacet
facet normal 0.285566 0.958337 -0.00651438
  outer loop
    vertex -1.91775 -4.6176 33.2837
    vertex -0.954474 -4.90805 32.7814
    vertex -1.83662 -4.65047 32.0054
  endloop
endfacet
facet normal 0.995595 0.0937578 0
  outer loop
    vertex -4.91209 -0.933448 20.901
    vertex -5 0 20
    vertex -5 0 21.1111
  endloop
endfacet
facet normal 0.993846 0.10953 0.0165112
  outer loop
    vertex -4.88019 -1.08801 20.0058
    vertex -5 0 20
    vertex -4.91209 -0.933448 20.901
  endloop
endfacet
facet normal 0.104246 0.994552 -0
  outer loop
    vertex 0 -5 20
    vertex -1.03678 -4.89133 20.569
    vertex 0 -5 21.1111
  endloop
endfacet
facet normal 0.0969441 0.99529 -0
  outer loop
    vertex 0 -5 35.5556
    vertex -0.964875 -4.90602 36.387
    vertex 0 -5 36.6667
  endloop
endfacet
facet normal 0.0971947 0.995265 0.000293506
  outer loop
    vertex 0 -5 35.5556
    vertex -0.968055 -4.90539 35.3158
    vertex -0.964875 -4.90602 36.387
  endloop
endfacet
facet normal 0.99529 0.0969441 0
  outer loop
    vertex -4.90602 -0.964875 36.387
    vertex -5 0 35.5556
    vertex -5 0 36.6667
  endloop
endfacet
facet normal 0.995265 0.0971945 0.000293368
  outer loop
    vertex -4.90539 -0.968053 35.3158
    vertex -5 0 35.5556
    vertex -4.90602 -0.964875 36.387
  endloop
endfacet
facet normal 0.996687 0.0813289 0
  outer loop
    vertex -5 0 23.3333
    vertex -4.93386 -0.810594 22.185
    vertex -5 0 22.2222
  endloop
endfacet
facet normal 0.995672 0.0925904 -0.00800756
  outer loop
    vertex -5 0 23.3333
    vertex -4.90912 -0.948975 23.6608
    vertex -4.93386 -0.810594 22.185
  endloop
endfacet
facet normal 0.957 0.289874 0.0111391
  outer loop
    vertex -4.90912 -0.948975 23.6608
    vertex -4.57809 -2.01024 22.8386
    vertex -4.93386 -0.810594 22.185
  endloop
endfacet
facet normal 0.0972861 0.995256 -0
  outer loop
    vertex 0 -5 36.6667
    vertex -0.968246 -4.90535 37.779
    vertex 0 -5 37.7778
  endloop
