solid Created by Gmsh
facet normal 0.555009 0.83063 -0.0449298
  outer loop
    vertex -1.96138 -3.48611 48.5516
    vertex -2.82843 -2.82843 50
    vertex -1.53073 -3.69552 50
  endloop
endfacet
facet normal 0.83063 0.555009 -0.0449298
  outer loop
    vertex -2.82843 -2.82843 50
    vertex -3.48611 -1.96138 48.5516
    vertex -3.69552 -1.53073 50
  endloop
endfacet
facet normal 0.573438 0.818177 0.041896
  outer loop
    vertex -1.52481 -3.69797 46.7134
    vertex -2.82843 -2.82843 47.5752
    vertex -1.96138 -3.48611 48.5516
  endloop
endfacet
facet normal 0.818177 0.573438 0.041896
  outer loop
    vertex -2.82843 -2.82843 47.5752
    vertex -3.69797 -1.52481 46.7134
    vertex -3.48611 -1.96138 48.5516
  endloop
endfacet
facet normal 0.604344 0.796724 -3.5821e-13
  outer loop
    vertex -2.82843 -2.82843 48.6217
    vertex -2.82843 -2.82843 50
    vertex -1.96138 -3.48611 48.5516
  endloop
endfacet
facet normal 0.796724 0.604344 2.18463e-13
  outer loop
    vertex -2.82843 -2.82843 48.6217
    vertex -2.82843 -2.82843 47.5752
    vertex -3.48611 -1.96138 48.5516
  endloop
endfacet
facet normal 0.604344 0.796724 -2.18463e-13
  outer loop
    vertex -2.82843 -2.82843 47.5752
    vertex -2.82843 -2.82843 48.6217
    vertex -1.96138 -3.48611 48.5516
  endloop
endfacet
facet normal 0.796724 0.604344 3.58661e-13
  outer loop
    vertex -2.82843 -2.82843 50
    vertex -2.82843 -2.82843 48.6217
    vertex -3.48611 -1.96138 48.5516
  endloop
endfacet
facet normal 0.346629 0.937649 -0.0257402
  outer loop
    vertex -1.96138 -3.48611 48.5516
    vertex -0.880641 -3.90185 47.961
    vertex -1.52481 -3.69797 46.7134
  endloop
endfacet
facet normal 0.187443 0.980226 0.0634137
  outer loop
    vertex -0.880641 -3.90185 47.961
    vertex 0 -4 46.875
    vertex -1.52481 -3.69797 46.7134
  endloop
endfacet
facet normal 0.937649 0.346629 -0.0257402
  outer loop
    vertex -3.90185 -0.880641 47.961
    vertex -3.48611 -1.96138 48.5516
    vertex -3.69797 -1.52481 46.7134
  endloop
endfacet
facet normal 0.980226 0.187443 0.0634137
  outer loop
    vertex -4 0 46.875
    vertex -3.90185 -0.880641 47.961
    vertex -3.69797 -1.52481 46.7134
  endloop
endfacet
facet normal 0.110762 0.993847 0
  outer loop
    vertex -0.880641 -3.90185 47.961
    vertex 0 -4 48.4375
    vertex 0 -4 46.875
  endloop
endfacet
facet normal 0.993847 0.110762 0
  outer loop
    vertex -4 0 48.4375
    vertex -3.90185 -0.880641 47.961
    vertex -4 0 46.875
  endloop
endfacet
facet normal 0.172046 0.985089 -0
  outer loop
    vertex 0 -4 1.5625
    vertex -1.35584 -3.7632 2.32793
    vertex 0 -4 3.125
  endloop
endfacet
facet normal 0.985089 0.172046 0
  outer loop
    vertex -3.7632 -1.35584 2.32793
    vertex -4 0 1.5625
    vertex -4 0 3.125
  endloop
endfacet
facet normal 0.587785 0.809017 -7.39421e-14
  outer loop
    vertex -2.82843 -2.82843 45.9454
    vertex -1.81596 -3.56403 45.1795
    vertex -2.82843 -2.82843 44.3111
  endloop
endfacet
facet normal 0.809017 0.587785 7.39866e-14
  outer loop
    vertex -3.56403 -1.81596 45.1795
    vertex -2.82843 -2.82843 45.9454
    vertex -2.82843 -2.82843 44.3111
  endloop
endfacet
facet normal 0.839756 0.542899 -0.00835882
  outer loop
    vertex -2.82843 -2.82843 27.4055
    vertex -3.72544 -1.45639 26.401
    vertex -3.75196 -1.38665 28.2667
  endloop
endfacet
facet normal 0.550306 0.834941 0.00605773
  outer loop
    vertex -1.45639 -3.72544 26.401
    vertex -2.82843 -2.82843 27.4055
    vertex -1.51249 -3.70302 28.407
  endloop
endfacet
facet normal 0.545937 0.837802 0.0063358
  outer loop
    vertex -2.82843 -2.82843 42.954
    vertex -1.46963 -3.72024 43.7975
    vertex -1.41812 -3.74018 41.9956
  endloop
endfacet
facet normal 0.837802 0.545937 0.0063358
  outer loop
    vertex -3.72024 -1.46963 43.7975
    vertex -2.82843 -2.82843 42.954
    vertex -3.74018 -1.41812 41.9956
  endloop
endfacet
facet normal 0.984375 0.176082 0
  outer loop
    vertex -3.75196 -1.38665 28.2667
    vertex -4 0 28.125
    vertex -4 0 29.6875
  endloop
endfacet
facet normal 0.192671 0.981263 -0
  outer loop
    vertex 0 -4 28.125
    vertex -1.51249 -3.70302 28.407
    vertex 0 -4 29.6875
  endloop
endfacet
facet normal 0.796023 0.605266 1.13616e-15
  outer loop
    vertex -3.48156 -1.96945 7.8222
    vertex -2.82843 -2.82843 8.98565
    vertex -2.82843 -2.82843 7.80843
  endloop
endfacet
facet normal 0.605266 0.796023 -1.15136e-15
  outer loop
    vertex -2.82843 -2.82843 8.98565
    vertex -1.96945 -3.48156 7.8222
    vertex -2.82843 -2.82843 7.80843
  endloop
endfacet
facet normal 0.839651 0.543123 -0.00174357
  outer loop
    vertex -2.82843 -2.82843 19.4189
    vertex -3.737 -1.42649 18.5846
    vertex -3.74268 -1.4115 20.5145
  endloop
endfacet
facet normal 0.543123 0.839651 -0.00174357
  outer loop
    vertex -1.42649 -3.737 18.5846
    vertex -2.82843 -2.82843 19.4189
    vertex -1.4115 -3.74268 20.5145
  endloop
endfacet
facet normal 0.796023 0.605266 -8.21637e-15
  outer loop
    vertex -2.82843 -2.82843 6.32375
    vertex -3.48156 -1.96945 7.8222
    vertex -2.82843 -2.82843 7.80843
  endloop
endfacet
facet normal 0.820891 0.570248 0.0309135
  outer loop
    vertex -2.82843 -2.82843 6.32375
    vertex -3.64951 -1.6374 6.15683
    vertex -3.48156 -1.96945 7.8222
  endloop
endfacet
facet normal 0.605266 0.796023 8.24649e-15
  outer loop
    vertex -1.96945 -3.48156 7.8222
    vertex -2.82843 -2.82843 6.32375
    vertex -2.82843 -2.82843 7.80843
  endloop
endfacet
facet normal 0.570248 0.820891 0.0309135
  outer loop
    vertex -1.6374 -3.64951 6.15683
    vertex -2.82843 -2.82843 6.32375
    vertex -1.96945 -3.48156 7.8222
  endloop
endfacet
facet normal 0.980785 0.19509 0
  outer loop
    vertex -4 0 39.0625
    vertex -3.69552 -1.53073 38.6922
    vertex -4 0 37.5
  endloop
endfacet
facet normal 0.83147 0.55557 -0
  outer loop
    vertex -2.82843 -2.82843 38.1458
    vertex -3.69552 -1.53073 38.6922
    vertex -2.82843 -2.82843 39.6446
  endloop
endfacet
facet normal 0.821831 0.567971 -0.0447457
  outer loop
    vertex -2.82843 -2.82843 38.1458
    vertex -3.56403 -1.81596 37.4868
    vertex -3.69552 -1.53073 38.6922
  endloop
endfacet
facet normal 0.971195 0.232794 0.0508578
  outer loop
    vertex -3.56403 -1.81596 37.4868
    vertex -4 0 37.5
    vertex -3.69552 -1.53073 38.6922
  endloop
endfacet
facet normal 0.19509 0.980785 0
  outer loop
    vertex -1.53073 -3.69552 38.6922
    vertex 0 -4 39.0625
    vertex 0 -4 37.5
  endloop
endfacet
facet normal 0.55557 0.83147 0
  outer loop
    vertex -1.53073 -3.69552 38.6922
    vertex -2.82843 -2.82843 38.1458
    vertex -2.82843 -2.82843 39.6446
  endloop
endfacet
facet normal 0.567971 0.821831 -0.0447457
  outer loop
    vertex -1.81596 -3.56403 37.4868
    vertex -2.82843 -2.82843 38.1458
    vertex -1.53073 -3.69552 38.6922
  endloop
endfacet
facet normal 0.232794 0.971195 0.0508578
  outer loop
    vertex 0 -4 37.5
    vertex -1.81596 -3.56403 37.4868
    vertex -1.53073 -3.69552 38.6922
  endloop
endfacet
facet normal 0.984493 0.175426 0
  outer loop
    vertex -4 0 14.0625
    vertex -3.75381 -1.38165 13.4888
    vertex -4 0 12.5
  endloop
endfacet
facet normal 0.84242 0.538822 -0
  outer loop
    vertex -2.82843 -2.82843 12.6498
    vertex -3.75381 -1.38165 13.4888
    vertex -2.82843 -2.82843 14.6521
  endloop
endfacet
facet normal 0.175426 0.984493 0
  outer loop
    vertex -1.38165 -3.75381 13.4888
    vertex 0 -4 14.0625
    vertex 0 -4 12.5
  endloop
endfacet
facet normal 0.538822 0.84242 0
  outer loop
    vertex -1.38165 -3.75381 13.4888
    vertex -2.82843 -2.82843 12.6498
    vertex -2.82843 -2.82843 14.6521
  endloop
endfacet
facet normal 0.980785 0.19509 0
  outer loop
    vertex -4 0 40.625
    vertex -3.69552 -1.53073 40.2395
    vertex -4 0 39.0625
  endloop
endfacet
facet normal 0.83147 0.55557 1.70647e-15
  outer loop
    vertex -2.82843 -2.82843 39.6446
    vertex -3.69552 -1.53073 40.2395
    vertex -2.82843 -2.82843 41.2242
  endloop
endfacet
facet normal 0.83147 0.55557 0
  outer loop
    vertex -2.82843 -2.82843 39.6446
    vertex -3.69552 -1.53073 38.6922
    vertex -3.69552 -1.53073 40.2395
  endloop
endfacet
facet normal 0.980785 0.19509 -0
  outer loop
    vertex -3.69552 -1.53073 38.6922
    vertex -4 0 39.0625
    vertex -3.69552 -1.53073 40.2395
  endloop
endfacet
facet normal 0.19509 0.980785 0
  outer loop
    vertex -1.53073 -3.69552 40.2395
    vertex 0 -4 40.625
    vertex 0 -4 39.0625
  endloop
endfacet
facet normal 0.55557 0.83147 -1.71129e-15
  outer loop
    vertex -1.53073 -3.69552 40.2395
    vertex -2.82843 -2.82843 39.6446
    vertex -2.82843 -2.82843 41.2242
  endloop
endfacet
facet normal 0.55557 0.83147 -0
  outer loop
    vertex -1.53073 -3.69552 38.6922
    vertex -2.82843 -2.82843 39.6446
    vertex -1.53073 -3.69552 40.2395
  endloop
endfacet
facet normal 0.19509 0.980785 0
  outer loop
    vertex 0 -4 39.0625
    vertex -1.53073 -3.69552 38.6922
    vertex -1.53073 -3.69552 40.2395
  endloop
endfacet
facet normal 0.983425 0.181316 0
  outer loop
    vertex -4 0 18.75
    vertex -3.737 -1.42649 18.5846
    vertex -4 0 17.1875
  endloop
endfacet
facet normal 0.839179 0.543855 -0
  outer loop
    vertex -2.82843 -2.82843 17.4429
    vertex -3.737 -1.42649 18.5846
    vertex -2.82843 -2.82843 19.4189
  endloop
endfacet
facet normal 0.836778 0.547505 -0.00639362
  outer loop
    vertex -2.82843 -2.82843 17.4429
    vertex -3.71566 -1.48117 16.6943
    vertex -3.737 -1.42649 18.5846
  endloop
endfacet
facet normal 0.982401 0.186697 0.0056864
  outer loop
    vertex -3.71566 -1.48117 16.6943
    vertex -4 0 17.1875
    vertex -3.737 -1.42649 18.5846
  endloop
endfacet
facet normal 0.181316 0.983425 0
  outer loop
    vertex -1.42649 -3.737 18.5846
    vertex 0 -4 18.75
    vertex 0 -4 17.1875
  endloop
endfacet
facet normal 0.543855 0.839179 0
  outer loop
    vertex -1.42649 -3.737 18.5846
    vertex -2.82843 -2.82843 17.4429
    vertex -2.82843 -2.82843 19.4189
  endloop
endfacet
facet normal 0.547505 0.836778 -0.00639362
  outer loop
    vertex -1.48117 -3.71566 16.6943
    vertex -2.82843 -2.82843 17.4429
    vertex -1.42649 -3.737 18.5846
  endloop
endfacet
facet normal 0.186697 0.982401 0.0056864
  outer loop
    vertex 0 -4 17.1875
    vertex -1.48117 -3.71566 16.6943
    vertex -1.42649 -3.737 18.5846
  endloop
endfacet
facet normal 0.187002 0.982359 -0
  outer loop
    vertex 0 -4 43.75
    vertex -1.46963 -3.72024 43.7975
    vertex 0 -4 45.3125
  endloop
endfacet
facet normal 0.5487 0.836019 -1.43854e-14
  outer loop
    vertex -2.82843 -2.82843 44.3111
    vertex -1.46963 -3.72024 43.7975
    vertex -2.82843 -2.82843 42.954
  endloop
endfacet
facet normal 0.560445 0.826857 0.0469861
  outer loop
    vertex -2.82843 -2.82843 44.3111
    vertex -1.81596 -3.56403 45.1795
    vertex -1.46963 -3.72024 43.7975
  endloop
endfacet
facet normal 0.236636 0.970291 -0.0503763
  outer loop
    vertex -1.81596 -3.56403 45.1795
    vertex 0 -4 45.3125
    vertex -1.46963 -3.72024 43.7975
  endloop
endfacet
facet normal 0.98269 0.185255 0
  outer loop
    vertex -4 0 26.5625
    vertex -3.72544 -1.45639 26.401
    vertex -4 0 25
  endloop
endfacet
facet normal 0.836993 0.547213 -0
  outer loop
    vertex -2.82843 -2.82843 25.7024
    vertex -3.72544 -1.45639 26.401
    vertex -2.82843 -2.82843 27.4055
  endloop
endfacet
facet normal 0.82941 0.557804 -0.0305388
  outer loop
    vertex -2.82843 -2.82843 25.7024
    vertex -3.60388 -1.73553 24.604
    vertex -3.72544 -1.45639 26.401
  endloop
endfacet
facet normal 0.975997 0.215332 0.0325769
  outer loop
    vertex -3.60388 -1.73553 24.604
    vertex -4 0 25
    vertex -3.72544 -1.45639 26.401
  endloop
endfacet
facet normal 0.185255 0.98269 0
  outer loop
    vertex -1.45639 -3.72544 26.401
    vertex 0 -4 26.5625
    vertex 0 -4 25
  endloop
endfacet
facet normal 0.547213 0.836993 0
  outer loop
    vertex -1.45639 -3.72544 26.401
    vertex -2.82843 -2.82843 25.7024
    vertex -2.82843 -2.82843 27.4055
  endloop
endfacet
facet normal 0.557804 0.82941 -0.0305388
  outer loop
    vertex -1.73553 -3.60388 24.604
    vertex -2.82843 -2.82843 25.7024
    vertex -1.45639 -3.72544 26.401
  endloop
endfacet
facet normal 0.215332 0.975997 0.0325769
  outer loop
    vertex 0 -4 25
    vertex -1.73553 -3.60388 24.604
    vertex -1.45639 -3.72544 26.401
  endloop
endfacet
facet normal 0.982359 0.187002 0
  outer loop
    vertex -3.72024 -1.46963 43.7975
    vertex -4 0 43.75
    vertex -4 0 45.3125
  endloop
endfacet
facet normal 0.836019 0.5487 1.43958e-14
  outer loop
    vertex -3.72024 -1.46963 43.7975
    vertex -2.82843 -2.82843 44.3111
    vertex -2.82843 -2.82843 42.954
  endloop
endfacet
facet normal 0.826857 0.560445 0.0469861
  outer loop
    vertex -3.56403 -1.81596 45.1795
    vertex -2.82843 -2.82843 44.3111
    vertex -3.72024 -1.46963 43.7975
  endloop
endfacet
facet normal 0.970291 0.236636 -0.0503763
  outer loop
    vertex -4 0 45.3125
    vertex -3.56403 -1.81596 45.1795
    vertex -3.72024 -1.46963 43.7975
  endloop
endfacet
facet normal 0.833934 0.551865 -0
  outer loop
    vertex -2.82843 -2.82843 14.6521
    vertex -3.70899 -1.49778 15.0637
    vertex -2.82843 -2.82843 15.8593
  endloop
endfacet
facet normal 0.836179 0.548205 0.0166351
  outer loop
    vertex -2.82843 -2.82843 14.6521
    vertex -3.75381 -1.38165 13.4888
    vertex -3.70899 -1.49778 15.0637
  endloop
endfacet
facet normal 0.551865 0.833934 0
  outer loop
    vertex -1.49778 -3.70899 15.0637
    vertex -2.82843 -2.82843 14.6521
    vertex -2.82843 -2.82843 15.8593
  endloop
endfacet
facet normal 0.548205 0.836179 0.0166351
  outer loop
    vertex -1.38165 -3.75381 13.4888
    vertex -2.82843 -2.82843 14.6521
    vertex -1.49778 -3.70899 15.0637
  endloop
endfacet
facet normal 0.180216 0.983627 0
  outer loop
    vertex -1.41812 -3.74018 41.9956
    vertex 0 -4 42.1875
    vertex 0 -4 40.625
  endloop
endfacet
facet normal 0.54821 0.836225 -0.013888
  outer loop
    vertex -1.53073 -3.69552 40.2395
    vertex -2.82843 -2.82843 41.2242
    vertex -1.41812 -3.74018 41.9956
  endloop
endfacet
facet normal 0.192011 0.981311 0.0126427
  outer loop
    vertex 0 -4 40.625
    vertex -1.53073 -3.69552 40.2395
    vertex -1.41812 -3.74018 41.9956
  endloop
endfacet
facet normal 0.983627 0.180216 0
  outer loop
    vertex -4 0 42.1875
    vertex -3.74018 -1.41812 41.9956
    vertex -4 0 40.625
  endloop
endfacet
facet normal 0.836225 0.54821 -0.013888
  outer loop
    vertex -2.82843 -2.82843 41.2242
    vertex -3.69552 -1.53073 40.2395
    vertex -3.74018 -1.41812 41.9956
  endloop
endfacet
facet normal 0.981311 0.192011 0.0126427
  outer loop
    vertex -3.69552 -1.53073 40.2395
    vertex -4 0 40.625
    vertex -3.74018 -1.41812 41.9956
  endloop
endfacet
facet normal 0.553033 0.832394 0.0357154
  outer loop
    vertex -1.53073 -3.69552 23.5686
    vertex -2.82843 -2.82843 23.454
    vertex -1.73553 -3.60388 24.604
  endloop
endfacet
facet normal 0.832394 0.553033 0.0357154
  outer loop
    vertex -2.82843 -2.82843 23.454
    vertex -3.69552 -1.53073 23.5686
    vertex -3.60388 -1.73553 24.604
  endloop
endfacet
facet normal 0.983786 0.179345 0
  outer loop
    vertex -4 0 21.875
    vertex -3.74268 -1.4115 20.5145
    vertex -4 0 20.3125
  endloop
endfacet
facet normal 0.981505 0.191024 -0.0125478
  outer loop
    vertex -4 0 21.875
    vertex -3.69552 -1.53073 22.3885
    vertex -3.74268 -1.4115 20.5145
  endloop
endfacet
facet normal 0.83599 0.548569 0.0138628
  outer loop
    vertex -3.69552 -1.53073 22.3885
    vertex -2.82843 -2.82843 21.4504
    vertex -3.74268 -1.4115 20.5145
  endloop
endfacet
facet normal 0.179345 0.983786 0
  outer loop
    vertex -1.4115 -3.74268 20.5145
    vertex 0 -4 21.875
    vertex 0 -4 20.3125
  endloop
endfacet
facet normal 0.191024 0.981505 -0.0125478
  outer loop
    vertex -1.53073 -3.69552 22.3885
    vertex 0 -4 21.875
    vertex -1.4115 -3.74268 20.5145
  endloop
endfacet
facet normal 0.548569 0.83599 0.0138628
  outer loop
    vertex -2.82843 -2.82843 21.4504
    vertex -1.53073 -3.69552 22.3885
    vertex -1.4115 -3.74268 20.5145
  endloop
endfacet
facet normal 0.978001 0.208602 0
  outer loop
    vertex -4 0 35.9375
    vertex -3.65188 -1.63211 34.8982
    vertex -4 0 34.375
  endloop
endfacet
facet normal 0.979551 0.200791 0.0127856
  outer loop
    vertex -4 0 35.9375
    vertex -3.68635 -1.55269 36.2917
    vertex -3.65188 -1.63211 34.8982
  endloop
endfacet
facet normal 0.82399 0.56648 -0.0119042
  outer loop
    vertex -3.68635 -1.55269 36.2917
    vertex -2.8057 -2.85097 35.4678
    vertex -3.65188 -1.63211 34.8982
  endloop
endfacet
facet normal 0.185991 0.982551 0
  outer loop
    vertex -1.46197 -3.72326 34.8556
    vertex 0 -4 35.9375
    vertex 0 -4 34.375
  endloop
endfacet
facet normal 0.199419 0.979733 -0.0188659
  outer loop
    vertex -1.59376 -3.66878 36.2917
    vertex 0 -4 35.9375
    vertex -1.46197 -3.72326 34.8556
  endloop
endfacet
facet normal 0.550418 0.834676 0.0188472
  outer loop
    vertex -2.8057 -2.85097 35.4678
    vertex -1.59376 -3.66878 36.2917
    vertex -1.46197 -3.72326 34.8556
  endloop
endfacet
facet normal 0.980785 0.19509 0
  outer loop
    vertex -4 0 23.4375
    vertex -3.69552 -1.53073 22.3885
    vertex -4 0 21.875
  endloop
endfacet
facet normal 0.980785 0.19509 0
  outer loop
    vertex -4 0 23.4375
    vertex -3.69552 -1.53073 23.5686
    vertex -3.69552 -1.53073 22.3885
  endloop
endfacet
facet normal 0.83147 0.55557 -0
  outer loop
    vertex -2.82843 -2.82843 21.4504
    vertex -3.69552 -1.53073 22.3885
    vertex -2.82843 -2.82843 23.454
  endloop
endfacet
facet normal 0.83147 0.55557 0
  outer loop
    vertex -3.69552 -1.53073 23.5686
    vertex -2.82843 -2.82843 23.454
    vertex -3.69552 -1.53073 22.3885
  endloop
endfacet
facet normal 0.19509 0.980785 0
  outer loop
    vertex -1.53073 -3.69552 22.3885
    vertex 0 -4 23.4375
    vertex 0 -4 21.875
  endloop
endfacet
facet normal 0.19509 0.980785 0
  outer loop
    vertex -1.53073 -3.69552 23.5686
    vertex 0 -4 23.4375
    vertex -1.53073 -3.69552 22.3885
  endloop
endfacet
facet normal 0.55557 0.83147 0
  outer loop
    vertex -1.53073 -3.69552 22.3885
    vertex -2.82843 -2.82843 21.4504
    vertex -2.82843 -2.82843 23.454
  endloop
endfacet
facet normal 0.55557 0.83147 0
  outer loop
    vertex -2.82843 -2.82843 23.454
    vertex -1.53073 -3.69552 23.5686
    vertex -1.53073 -3.69552 22.3885
  endloop
endfacet
facet normal 0.980201 0.198006 0
  outer loop
    vertex -4 0 37.5
    vertex -3.68635 -1.55269 36.2917
    vertex -4 0 35.9375
  endloop
endfacet
facet normal 0.971172 0.233506 -0.047961
  outer loop
    vertex -4 0 37.5
    vertex -3.56403 -1.81596 37.4868
    vertex -3.68635 -1.55269 36.2917
  endloop
endfacet
facet normal 0.203476 0.97908 0
  outer loop
    vertex -1.59376 -3.66878 36.2917
    vertex 0 -4 37.5
    vertex 0 -4 35.9375
  endloop
endfacet
facet normal 0.233528 0.971454 -0.0417286
  outer loop
    vertex -1.81596 -3.56403 37.4868
    vertex 0 -4 37.5
    vertex -1.59376 -3.66878 36.2917
  endloop
endfacet
facet normal 0.980522 0.196411 0
  outer loop
    vertex -4 0 6.25
    vertex -3.69138 -1.54068 4.83206
    vertex -4 0 4.6875
  endloop
endfacet
facet normal 0.977549 0.210133 -0.015557
  outer loop
    vertex -4 0 6.25
    vertex -3.64951 -1.6374 6.15683
    vertex -3.69138 -1.54068 4.83206
  endloop
endfacet
facet normal 0.196411 0.980522 0
  outer loop
    vertex -1.54068 -3.69138 4.83206
    vertex 0 -4 6.25
    vertex 0 -4 4.6875
  endloop
endfacet
facet normal 0.210133 0.977549 -0.015557
  outer loop
    vertex -1.6374 -3.64951 6.15683
    vertex 0 -4 6.25
    vertex -1.54068 -3.69138 4.83206
  endloop
endfacet
facet normal 0.830721 0.556689 -7.95092e-14
  outer loop
    vertex -2.82843 -2.82843 4.87467
    vertex -2.82843 -2.82843 3.4819
    vertex -3.69138 -1.54068 4.83206
  endloop
endfacet
facet normal 0.556689 0.830721 7.99516e-14
  outer loop
    vertex -2.82843 -2.82843 3.4819
    vertex -2.82843 -2.82843 4.87467
    vertex -1.54068 -3.69138 4.83206
  endloop
endfacet
facet normal 0.980941 0.194304 0
  outer loop
    vertex -3.69797 -1.52481 46.7134
    vertex -4 0 45.3125
    vertex -4 0 46.875
  endloop
endfacet
facet normal 0.972226 0.230396 0.0411621
  outer loop
    vertex -3.56403 -1.81596 45.1795
    vertex -4 0 45.3125
    vertex -3.69797 -1.52481 46.7134
  endloop
endfacet
facet normal 0.831915 0.554904 1.61822e-13
  outer loop
    vertex -2.82843 -2.82843 47.5752
    vertex -2.82843 -2.82843 45.9454
    vertex -3.69797 -1.52481 46.7134
  endloop
endfacet
facet normal 0.821352 0.569264 -0.0363318
  outer loop
    vertex -3.56403 -1.81596 45.1795
    vertex -3.69797 -1.52481 46.7134
    vertex -2.82843 -2.82843 45.9454
  endloop
endfacet
facet normal 0.194304 0.980941 -0
  outer loop
    vertex 0 -4 45.3125
    vertex -1.52481 -3.69797 46.7134
    vertex 0 -4 46.875
  endloop
endfacet
facet normal 0.230396 0.972226 0.0411621
  outer loop
    vertex 0 -4 45.3125
    vertex -1.81596 -3.56403 45.1795
    vertex -1.52481 -3.69797 46.7134
  endloop
endfacet
facet normal 0.554904 0.831915 -1.61822e-13
  outer loop
    vertex -2.82843 -2.82843 45.9454
    vertex -2.82843 -2.82843 47.5752
    vertex -1.52481 -3.69797 46.7134
  endloop
endfacet
facet normal 0.569264 0.821352 -0.0363318
  outer loop
    vertex -1.52481 -3.69797 46.7134
    vertex -1.81596 -3.56403 45.1795
    vertex -2.82843 -2.82843 45.9454
  endloop
endfacet
facet normal 0.985524 0.169536 0
  outer loop
    vertex -4 0 34.375
    vertex -3.77006 -1.33666 33.4855
    vertex -4 0 32.8125
  endloop
endfacet
facet normal 0.979779 0.195837 -0.0410062
  outer loop
    vertex -4 0 34.375
    vertex -3.65188 -1.63211 34.8982
    vertex -3.77006 -1.33666 33.4855
  endloop
endfacet
facet normal 0.194367 0.980929 0
  outer loop
    vertex -1.52528 -3.69777 33.314
    vertex 0 -4 34.375
    vertex 0 -4 32.8125
  endloop
endfacet
facet normal 0.188677 0.982003 0.00848539
  outer loop
    vertex -1.46197 -3.72326 34.8556
    vertex 0 -4 34.375
    vertex -1.52528 -3.69777 33.314
  endloop
endfacet
facet normal 0.835167 0.549997 -0
  outer loop
    vertex -2.82843 -2.82843 15.8593
    vertex -3.71566 -1.48117 16.6943
    vertex -2.82843 -2.82843 17.4429
  endloop
endfacet
facet normal 0.834537 0.550947 -0.0022026
  outer loop
    vertex -2.82843 -2.82843 15.8593
    vertex -3.70899 -1.49778 15.0637
    vertex -3.71566 -1.48117 16.6943
  endloop
endfacet
facet normal 0.549997 0.835167 0
  outer loop
    vertex -1.48117 -3.71566 16.6943
    vertex -2.82843 -2.82843 15.8593
    vertex -2.82843 -2.82843 17.4429
  endloop
endfacet
facet normal 0.550947 0.834537 -0.0022026
  outer loop
    vertex -1.49778 -3.70899 15.0637
    vertex -2.82843 -2.82843 15.8593
    vertex -1.48117 -3.71566 16.6943
  endloop
endfacet
facet normal 0.823314 0.567586 -4.31216e-14
  outer loop
    vertex -2.82843 -2.82843 4.87467
    vertex -3.64951 -1.6374 6.15683
    vertex -2.82843 -2.82843 6.32375
  endloop
endfacet
facet normal 0.830414 0.556961 0.0144161
  outer loop
    vertex -2.82843 -2.82843 4.87467
    vertex -3.69138 -1.54068 4.83206
    vertex -3.64951 -1.6374 6.15683
  endloop
endfacet
facet normal 0.567586 0.823314 4.26874e-14
  outer loop
    vertex -1.6374 -3.64951 6.15683
    vertex -2.82843 -2.82843 4.87467
    vertex -2.82843 -2.82843 6.32375
  endloop
endfacet
facet normal 0.556961 0.830414 0.0144161
  outer loop
    vertex -1.54068 -3.69138 4.83206
    vertex -2.82843 -2.82843 4.87467
    vertex -1.6374 -3.64951 6.15683
  endloop
endfacet
facet normal 0.578671 0.815561 -0
  outer loop
    vertex -2.82843 -2.82843 24.5911
    vertex -2.82843 -2.82843 25.7024
    vertex -1.73553 -3.60388 24.604
  endloop
endfacet
facet normal 0.815561 0.578671 0
  outer loop
    vertex -2.82843 -2.82843 24.5911
    vertex -2.82843 -2.82843 23.454
    vertex -3.60388 -1.73553 24.604
  endloop
endfacet
facet normal 0.578671 0.815561 -0
  outer loop
    vertex -2.82843 -2.82843 23.454
    vertex -2.82843 -2.82843 24.5911
    vertex -1.73553 -3.60388 24.604
  endloop
endfacet
facet normal 0.815561 0.578671 0
  outer loop
    vertex -2.82843 -2.82843 25.7024
    vertex -2.82843 -2.82843 24.5911
    vertex -3.60388 -1.73553 24.604
  endloop
endfacet
facet normal 0.0905372 0.995893 -0
  outer loop
    vertex 0 -4 18.75
    vertex -0.721323 -3.93442 19.5404
    vertex 0 -4 20.3125
  endloop
endfacet
facet normal 0.268663 0.963234 0.000751771
  outer loop
    vertex -1.4115 -3.74268 20.5145
    vertex -0.721323 -3.93442 19.5404
    vertex -1.42649 -3.737 18.5846
  endloop
endfacet
facet normal 0.16859 0.982903 -0.0740235
  outer loop
    vertex -0.721323 -3.93442 19.5404
    vertex -1.4115 -3.74268 20.5145
    vertex 0 -4 20.3125
  endloop
endfacet
facet normal 0.172294 0.982128 0.075753
  outer loop
    vertex -0.721323 -3.93442 19.5404
    vertex 0 -4 18.75
    vertex -1.42649 -3.737 18.5846
  endloop
endfacet
facet normal 0.995893 0.0905372 0
  outer loop
    vertex -3.93442 -0.721323 19.5404
    vertex -4 0 18.75
    vertex -4 0 20.3125
  endloop
endfacet
facet normal 0.963234 0.268663 0.000751771
  outer loop
    vertex -3.93442 -0.721323 19.5404
    vertex -3.74268 -1.4115 20.5145
    vertex -3.737 -1.42649 18.5846
  endloop
endfacet
facet normal 0.982903 0.16859 -0.0740235
  outer loop
    vertex -3.74268 -1.4115 20.5145
    vertex -3.93442 -0.721323 19.5404
    vertex -4 0 20.3125
  endloop
endfacet
facet normal 0.982128 0.172294 0.075753
  outer loop
    vertex -4 0 18.75
    vertex -3.93442 -0.721323 19.5404
    vertex -3.737 -1.42649 18.5846
  endloop
endfacet
facet normal 0.0921978 0.995741 0
  outer loop
    vertex -0.734441 -3.932 42.9327
    vertex 0 -4 43.75
    vertex 0 -4 42.1875
  endloop
endfacet
facet normal 0.273714 0.961807 -0.00281792
  outer loop
    vertex -0.734441 -3.932 42.9327
    vertex -1.41812 -3.74018 41.9956
    vertex -1.46963 -3.72024 43.7975
  endloop
endfacet
facet normal 0.16953 0.982479 0.0774297
  outer loop
    vertex -1.41812 -3.74018 41.9956
    vertex -0.734441 -3.932 42.9327
    vertex 0 -4 42.1875
  endloop
endfacet
facet normal 0.183738 0.979412 -0.0836149
  outer loop
    vertex 0 -4 43.75
    vertex -0.734441 -3.932 42.9327
    vertex -1.46963 -3.72024 43.7975
  endloop
endfacet
facet normal 0.995741 0.0921978 0
  outer loop
    vertex -4 0 43.75
    vertex -3.932 -0.734441 42.9327
    vertex -4 0 42.1875
  endloop
endfacet
facet normal 0.961807 0.273714 -0.00281792
  outer loop
    vertex -3.74018 -1.41812 41.9956
    vertex -3.932 -0.734441 42.9327
    vertex -3.72024 -1.46963 43.7975
  endloop
endfacet
facet normal 0.982479 0.16953 0.0774297
  outer loop
    vertex -3.932 -0.734441 42.9327
    vertex -3.74018 -1.41812 41.9956
    vertex -4 0 42.1875
  endloop
endfacet
facet normal 0.979412 0.183738 -0.0836149
  outer loop
    vertex -3.932 -0.734441 42.9327
    vertex -4 0 43.75
    vertex -3.72024 -1.46963 43.7975
  endloop
endfacet
facet normal 0.560667 0.826985 0.0418119
  outer loop
    vertex -2.71314 -2.9392 30.9868
    vertex -1.55608 -3.68492 30.2209
    vertex -2.96082 -2.68953 29.3699
  endloop
endfacet
facet normal 0.820389 0.570571 -0.037564
  outer loop
    vertex -3.6821 -1.56272 30.7325
    vertex -2.71314 -2.9392 30.9868
    vertex -2.96082 -2.68953 29.3699
  endloop
endfacet
facet normal 0.995789 0.0916774 0
  outer loop
    vertex -3.93276 -0.73033 27.3549
    vertex -4 0 26.5625
    vertex -4 0 28.125
  endloop
endfacet
facet normal 0.962795 0.270208 0.00358348
  outer loop
    vertex -3.93276 -0.73033 27.3549
    vertex -3.75196 -1.38665 28.2667
    vertex -3.72544 -1.45639 26.401
  endloop
endfacet
facet normal 0.982972 0.168293 -0.0737761
  outer loop
    vertex -3.75196 -1.38665 28.2667
    vertex -3.93276 -0.73033 27.3549
    vertex -4 0 28.125
  endloop
endfacet
facet normal 0.981169 0.176193 0.0791384
  outer loop
    vertex -4 0 26.5625
    vertex -3.93276 -0.73033 27.3549
    vertex -3.72544 -1.45639 26.401
  endloop
endfacet
facet normal 0.0916774 0.995789 -0
  outer loop
    vertex 0 -4 26.5625
    vertex -0.73033 -3.93276 27.3549
    vertex 0 -4 28.125
  endloop
endfacet
facet normal 0.278154 0.960532 -0.00295694
  outer loop
    vertex -1.51249 -3.70302 28.407
    vertex -0.73033 -3.93276 27.3549
    vertex -1.45639 -3.72544 26.401
  endloop
endfacet
facet normal 0.177198 0.980718 -0.082418
  outer loop
    vertex -0.73033 -3.93276 27.3549
    vertex -1.51249 -3.70302 28.407
    vertex 0 -4 28.125
  endloop
endfacet
facet normal 0.176193 0.981169 0.0791384
  outer loop
    vertex -0.73033 -3.93276 27.3549
    vertex 0 -4 26.5625
    vertex -1.45639 -3.72544 26.401
  endloop
endfacet
facet normal 0.185384 0.982666 -0
  outer loop
    vertex 0 -4 9.375
    vertex -1.45737 -3.72506 9.76522
    vertex 0 -4 10.9375
  endloop
endfacet
facet normal 0.982666 0.185384 0
  outer loop
    vertex -3.72506 -1.45737 9.76522
    vertex -4 0 9.375
    vertex -4 0 10.9375
  endloop
endfacet
facet normal 0.194552 0.97808 -0.0742193
  outer loop
    vertex -0.894113 -3.89879 48.99
    vertex -1.53073 -3.69552 50
    vertex 0 -4 50
  endloop
endfacet
facet normal 0.112478 0.993654 -0
  outer loop
    vertex 0 -4 48.4375
    vertex -0.894113 -3.89879 48.99
    vertex 0 -4 50
  endloop
endfacet
facet normal 0.34915 0.936534 0.0315902
  outer loop
    vertex -1.53073 -3.69552 50
    vertex -0.894113 -3.89879 48.99
    vertex -1.96138 -3.48611 48.5516
  endloop
endfacet
facet normal 0.97808 0.194552 -0.0742193
  outer loop
    vertex -3.69552 -1.53073 50
    vertex -3.89879 -0.894113 48.99
    vertex -4 0 50
  endloop
endfacet
facet normal 0.993654 0.112478 0
  outer loop
    vertex -3.89879 -0.894113 48.99
    vertex -4 0 48.4375
    vertex -4 0 50
  endloop
endfacet
facet normal 0.936534 0.34915 0.0315902
  outer loop
    vertex -3.89879 -0.894113 48.99
    vertex -3.69552 -1.53073 50
    vertex -3.48611 -1.96138 48.5516
  endloop
endfacet
facet normal 0.115595 0.993296 0
  outer loop
    vertex -0.918564 -3.8931 7.29296
    vertex 0 -4 7.8125
    vertex 0 -4 6.25
  endloop
endfacet
facet normal 0.354194 0.934873 -0.0236588
  outer loop
    vertex -0.918564 -3.8931 7.29296
    vertex -1.6374 -3.64951 6.15683
    vertex -1.96945 -3.48156 7.8222
  endloop
endfacet
facet normal 0.204291 0.975642 0.0799264
  outer loop
    vertex -1.6374 -3.64951 6.15683
    vertex -0.918564 -3.8931 7.29296
    vertex 0 -4 6.25
  endloop
endfacet
facet normal 0.993296 0.115595 0
  outer loop
    vertex -4 0 7.8125
    vertex -3.8931 -0.918564 7.29296
    vertex -4 0 6.25
  endloop
endfacet
facet normal 0.934873 0.354194 -0.0236588
  outer loop
    vertex -3.64951 -1.6374 6.15683
    vertex -3.8931 -0.918564 7.29296
    vertex -3.48156 -1.96945 7.8222
  endloop
endfacet
facet normal 0.975642 0.204291 0.0799264
  outer loop
    vertex -3.8931 -0.918564 7.29296
    vertex -3.64951 -1.6374 6.15683
    vertex -4 0 6.25
  endloop
endfacet
facet normal 0.190201 0.981745 0
  outer loop
    vertex -1.49383 -3.71059 11.6839
    vertex 0 -4 12.5
    vertex 0 -4 10.9375
  endloop
endfacet
facet normal 0.981745 0.190201 0
  outer loop
    vertex -4 0 12.5
    vertex -3.71059 -1.49383 11.6839
    vertex -4 0 10.9375
  endloop
endfacet
facet normal 0.542916 0.839787 -5.7923e-15
  outer loop
    vertex -2.82843 -2.82843 42.954
    vertex -1.41812 -3.74018 41.9956
    vertex -2.82843 -2.82843 41.2242
  endloop
endfacet
facet normal 0.839787 0.542916 5.80909e-15
  outer loop
    vertex -3.74018 -1.41812 41.9956
    vertex -2.82843 -2.82843 42.954
    vertex -2.82843 -2.82843 41.2242
  endloop
endfacet
facet normal 0.847163 0.530974 0.0195506
  outer loop
    vertex -3.75196 -1.38665 28.2667
    vertex -2.96082 -2.68953 29.3699
    vertex -2.82843 -2.82843 27.4055
  endloop
endfacet
facet normal 0.564099 0.825456 -0.0203497
  outer loop
    vertex -2.96082 -2.68953 29.3699
    vertex -1.51249 -3.70302 28.407
    vertex -2.82843 -2.82843 27.4055
  endloop
endfacet
facet normal 0.535927 0.844265 1.65253e-13
  outer loop
    vertex -2.82843 -2.82843 3.4819
    vertex -1.35584 -3.7632 2.32793
    vertex -2.82843 -2.82843 1.61671
  endloop
endfacet
facet normal 0.844265 0.535927 -1.65238e-13
  outer loop
    vertex -3.7632 -1.35584 2.32793
    vertex -2.82843 -2.82843 3.4819
    vertex -2.82843 -2.82843 1.61671
  endloop
endfacet
facet normal 0.840267 0.542172 -0
  outer loop
    vertex -2.82843 -2.82843 19.4189
    vertex -3.74268 -1.4115 20.5145
    vertex -2.82843 -2.82843 21.4504
  endloop
endfacet
facet normal 0.542172 0.840267 0
  outer loop
    vertex -1.4115 -3.74268 20.5145
    vertex -2.82843 -2.82843 19.4189
    vertex -2.82843 -2.82843 21.4504
  endloop
endfacet
facet normal 0.19509 0.980785 0
  outer loop
    vertex -1.53073 -3.69552 23.5686
    vertex 0 -4 25
    vertex 0 -4 23.4375
  endloop
endfacet
facet normal 0.231078 0.972099 -0.0403336
  outer loop
    vertex -1.73553 -3.60388 24.604
    vertex 0 -4 25
    vertex -1.53073 -3.69552 23.5686
  endloop
endfacet
facet normal 0.980785 0.19509 0
  outer loop
    vertex -4 0 25
    vertex -3.69552 -1.53073 23.5686
    vertex -4 0 23.4375
  endloop
endfacet
facet normal 0.972099 0.231078 -0.0403336
  outer loop
    vertex -4 0 25
    vertex -3.60388 -1.73553 24.604
    vertex -3.69552 -1.53073 23.5686
  endloop
endfacet
facet normal 0.830042 0.557635 0.00850224
  outer loop
    vertex -2.84941 -2.80729 36.8698
    vertex -2.8057 -2.85097 35.4678
    vertex -3.68635 -1.55269 36.2917
  endloop
endfacet
facet normal 0.563154 0.826312 -0.00818983
  outer loop
    vertex -2.8057 -2.85097 35.4678
    vertex -2.84941 -2.80729 36.8698
    vertex -1.59376 -3.66878 36.2917
  endloop
endfacet
facet normal 0.560485 0.828112 -0.00932817
  outer loop
    vertex -2.87985 -2.77605 33.7504
    vertex -1.46197 -3.72326 34.8556
    vertex -1.52528 -3.69777 33.314
  endloop
endfacet
facet normal 0.810127 0.586243 -0.00360894
  outer loop
    vertex -2.84941 -2.80729 36.8698
    vertex -3.56403 -1.81596 37.4868
    vertex -2.82843 -2.82843 38.1458
  endloop
endfacet
facet normal 0.822406 0.567435 0.0408266
  outer loop
    vertex -3.68635 -1.55269 36.2917
    vertex -3.56403 -1.81596 37.4868
    vertex -2.84941 -2.80729 36.8698
  endloop
endfacet
facet normal 0.589353 0.807867 0.00369195
  outer loop
    vertex -1.81596 -3.56403 37.4868
    vertex -2.84941 -2.80729 36.8698
    vertex -2.82843 -2.82843 38.1458
  endloop
endfacet
facet normal 0.576481 0.816333 0.035631
  outer loop
    vertex -1.81596 -3.56403 37.4868
    vertex -1.59376 -3.66878 36.2917
    vertex -2.84941 -2.80729 36.8698
  endloop
endfacet
facet normal 0.196789 0.980433 -0.00505714
  outer loop
    vertex -1.55608 -3.68492 30.2209
    vertex 0 -4 29.6875
    vertex -1.51249 -3.70302 28.407
  endloop
endfacet
facet normal 0.575858 0.81753 0.00567877
  outer loop
    vertex -2.96082 -2.68953 29.3699
    vertex -1.55608 -3.68492 30.2209
    vertex -1.51249 -3.70302 28.407
  endloop
endfacet
facet normal 0.823981 0.56478 -0.0455861
  outer loop
    vertex -3.72506 -1.45737 9.76522
    vertex -2.82843 -2.82843 8.98565
    vertex -3.48156 -1.96945 7.8222
  endloop
endfacet
facet normal 0.56478 0.823981 -0.0455861
  outer loop
    vertex -2.82843 -2.82843 8.98565
    vertex -1.45737 -3.72506 9.76522
    vertex -1.96945 -3.48156 7.8222
  endloop
endfacet
facet normal 0.983322 0.181284 -0.0146103
  outer loop
    vertex -4 0 14.0625
    vertex -3.70899 -1.49778 15.0637
    vertex -3.75381 -1.38165 13.4888
  endloop
endfacet
facet normal 0.981644 0.190724 0
  outer loop
    vertex -3.70899 -1.49778 15.0637
    vertex -4 0 14.0625
    vertex -4 0 15.625
  endloop
endfacet
facet normal 0.181284 0.983322 -0.0146103
  outer loop
    vertex -1.49778 -3.70899 15.0637
    vertex 0 -4 14.0625
    vertex -1.38165 -3.75381 13.4888
  endloop
endfacet
facet normal 0.190724 0.981644 -0
  outer loop
    vertex 0 -4 14.0625
    vertex -1.49778 -3.70899 15.0637
    vertex 0 -4 15.625
  endloop
endfacet
facet normal 0.852654 0.521891 -0.0247073
  outer loop
    vertex -3.7632 -1.35584 2.32793
    vertex -3.8121 -1.21156 3.68806
    vertex -2.82843 -2.82843 3.4819
  endloop
endfacet
facet normal 0.986695 0.161546 0.0183372
  outer loop
    vertex -3.8121 -1.21156 3.68806
    vertex -3.7632 -1.35584 2.32793
    vertex -4 0 3.125
  endloop
endfacet
facet normal 0.856142 0.513544 0.0573992
  outer loop
    vertex -3.8121 -1.21156 3.68806
    vertex -3.69138 -1.54068 4.83206
    vertex -2.82843 -2.82843 3.4819
  endloop
endfacet
facet normal 0.521891 0.852654 -0.0247073
  outer loop
    vertex -1.21156 -3.8121 3.68806
    vertex -1.35584 -3.7632 2.32793
    vertex -2.82843 -2.82843 3.4819
  endloop
endfacet
facet normal 0.161546 0.986695 0.0183372
  outer loop
    vertex -1.35584 -3.7632 2.32793
    vertex -1.21156 -3.8121 3.68806
    vertex 0 -4 3.125
  endloop
endfacet
facet normal 0.513544 0.856142 0.0573992
  outer loop
    vertex -1.54068 -3.69138 4.83206
    vertex -1.21156 -3.8121 3.68806
    vertex -2.82843 -2.82843 3.4819
  endloop
endfacet
facet normal 0.988187 0.153255 0
  outer loop
    vertex -4 0 4.6875
    vertex -3.8121 -1.21156 3.68806
    vertex -4 0 3.125
  endloop
endfacet
facet normal 0.980242 0.191827 -0.0482519
  outer loop
    vertex -4 0 4.6875
    vertex -3.69138 -1.54068 4.83206
    vertex -3.8121 -1.21156 3.68806
  endloop
endfacet
facet normal 0.153255 0.988187 0
  outer loop
    vertex -1.21156 -3.8121 3.68806
    vertex 0 -4 4.6875
    vertex 0 -4 3.125
  endloop
endfacet
facet normal 0.191827 0.980242 -0.0482519
  outer loop
    vertex -1.54068 -3.69138 4.83206
    vertex 0 -4 4.6875
    vertex -1.21156 -3.8121 3.68806
  endloop
endfacet
facet normal 0.198457 0.98011 0
  outer loop
    vertex -1.55608 -3.68492 30.2209
    vertex 0 -4 31.25
    vertex 0 -4 29.6875
  endloop
endfacet
facet normal 0.97993 0.199341 0
  outer loop
    vertex -4 0 31.25
    vertex -3.6821 -1.56272 30.7325
    vertex -4 0 29.6875
  endloop
endfacet
facet normal 0.188526 0.982068 0
  outer loop
    vertex 0 -4 17.1875
    vertex 0 -4 15.625
    vertex -1.48117 -3.71566 16.6943
  endloop
endfacet
facet normal 0.189973 0.981787 0.00207859
  outer loop
    vertex 0 -4 15.625
    vertex -1.49778 -3.70899 15.0637
    vertex -1.48117 -3.71566 16.6943
  endloop
endfacet
facet normal 0.982068 0.188526 -0
  outer loop
    vertex -4 0 15.625
    vertex -4 0 17.1875
    vertex -3.71566 -1.48117 16.6943
  endloop
endfacet
facet normal 0.981787 0.189973 0.00207859
  outer loop
    vertex -3.70899 -1.49778 15.0637
    vertex -4 0 15.625
    vertex -3.71566 -1.48117 16.6943
  endloop
endfacet
facet normal 0.810579 0.582236 0.0629527
  outer loop
    vertex -2.71314 -2.9392 30.9868
    vertex -3.6821 -1.56272 30.7325
    vertex -3.34283 -2.1967 32.2275
  endloop
endfacet
facet normal 0.186376 0.982478 0
  outer loop
    vertex -1.46488 -3.72211 31.7647
    vertex 0 -4 32.8125
    vertex 0 -4 31.25
  endloop
endfacet
facet normal 0.190563 0.981597 0.0123923
  outer loop
    vertex 0 -4 31.25
    vertex -1.55608 -3.68492 30.2209
    vertex -1.46488 -3.72211 31.7647
  endloop
endfacet
facet normal 0.536377 0.843902 -0.0113532
  outer loop
    vertex -1.55608 -3.68492 30.2209
    vertex -2.71314 -2.9392 30.9868
    vertex -1.46488 -3.72211 31.7647
  endloop
endfacet
facet normal 0.191849 0.981392 -0.007939
  outer loop
    vertex 0 -4 32.8125
    vertex -1.46488 -3.72211 31.7647
    vertex -1.52528 -3.69777 33.314
  endloop
endfacet
facet normal 0.55142 0.834228 9.55892e-16
  outer loop
    vertex -1.49383 -3.71059 11.6839
    vertex -2.82843 -2.82843 10.7622
    vertex -2.82843 -2.82843 12.6498
  endloop
endfacet
facet normal 0.54442 0.8387 -0.013757
  outer loop
    vertex -1.49383 -3.71059 11.6839
    vertex -2.82843 -2.82843 12.6498
    vertex -1.38165 -3.75381 13.4888
  endloop
endfacet
facet normal 0.183807 0.982888 0.0121096
  outer loop
    vertex 0 -4 12.5
    vertex -1.49383 -3.71059 11.6839
    vertex -1.38165 -3.75381 13.4888
  endloop
endfacet
facet normal 0.834228 0.55142 -9.31494e-16
  outer loop
