solid Created by Gmsh
facet normal 0.603176 0.797608 2.75065e-14
  outer loop
    vertex -3.41452 -6.11073 7.50058
    vertex -4.94975 -4.94975 6.34677
    vertex -4.94975 -4.94975 8.58215
  endloop
endfacet
facet normal 0.797608 0.603176 -2.69537e-14
  outer loop
    vertex -4.94975 -4.94975 6.34677
    vertex -6.11073 -3.41452 7.50058
    vertex -4.94975 -4.94975 8.58215
  endloop
endfacet
facet normal 0.607542 0.794288 -3.89375e-14
  outer loop
    vertex -4.94975 -4.94975 43.7772
    vertex -3.48136 -6.0729 42.3993
    vertex -4.94975 -4.94975 41.8465
  endloop
endfacet
facet normal 0.794288 0.607542 3.83208e-14
  outer loop
    vertex -6.0729 -3.48136 42.3993
    vertex -4.94975 -4.94975 43.7772
    vertex -4.94975 -4.94975 41.8465
  endloop
endfacet
facet normal 0.628844 0.777532 -1.76969e-13
  outer loop
    vertex -4.94975 -4.94975 49.8793
    vertex -3.80527 -5.87536 49.0809
    vertex -4.94975 -4.94975 47.6907
  endloop
endfacet
facet normal 0.628844 0.777532 1.7702e-13
  outer loop
    vertex -3.80527 -5.87536 0.912525
    vertex -4.94975 -4.94975 0.114842
    vertex -4.94975 -4.94975 2.30409
  endloop
endfacet
facet normal 0.777532 0.628844 1.7749e-13
  outer loop
    vertex -5.87536 -3.80527 49.0809
    vertex -4.94975 -4.94975 49.8793
    vertex -4.94975 -4.94975 47.6907
  endloop
endfacet
facet normal 0.777532 0.628844 -1.77047e-13
  outer loop
    vertex -4.94975 -4.94975 0.114842
    vertex -5.87536 -3.80527 0.912525
    vertex -4.94975 -4.94975 2.30409
  endloop
endfacet
facet normal 0.382364 0.923108 0.0408505
  outer loop
    vertex -2.69662 -6.45974 -0.535896
    vertex -1.81173 -6.76148 -2
    vertex -3.5 -6.06218 -2
  endloop
endfacet
facet normal 0.382345 0.923063 -0.0420232
  outer loop
    vertex -1.81173 -6.76148 52
    vertex -2.68814 -6.46327 50.5764
    vertex -3.5 -6.06218 52
  endloop
endfacet
facet normal 0.923108 0.382364 0.0408505
  outer loop
    vertex -6.76148 -1.81173 -2
    vertex -6.45974 -2.69662 -0.535896
    vertex -6.06218 -3.5 -2
  endloop
endfacet
facet normal 0.923063 0.382345 -0.0420232
  outer loop
    vertex -6.46327 -2.68814 50.5764
    vertex -6.76148 -1.81173 52
    vertex -6.06218 -3.5 52
  endloop
endfacet
facet normal 0.428648 0.903143 0.0243751
  outer loop
    vertex -2.15969 -6.65851 14.8901
    vertex -3.67789 -5.95593 15.5566
    vertex -2.62427 -6.48947 16.7967
  endloop
endfacet
facet normal 0.897532 0.440081 0.0276582
  outer loop
    vertex -5.86241 -3.8252 15.5566
    vertex -6.65851 -2.15969 14.8901
    vertex -6.48947 -2.62427 16.7967
  endloop
endfacet
facet normal 0.772382 0.634987 0.0147773
  outer loop
    vertex -5.87536 -3.80527 49.0809
    vertex -5.74556 -3.99856 50.6022
    vertex -4.94975 -4.94975 49.8793
  endloop
endfacet
facet normal 0.87652 0.4806 0.0271215
  outer loop
    vertex -6.06218 -3.5 52
    vertex -5.74556 -3.99856 50.6022
    vertex -6.46327 -2.68814 50.5764
  endloop
endfacet
facet normal 0.634987 0.772382 0.0147773
  outer loop
    vertex -3.99856 -5.74556 50.6022
    vertex -3.80527 -5.87536 49.0809
    vertex -4.94975 -4.94975 49.8793
  endloop
endfacet
facet normal 0.4806 0.87652 0.0271215
  outer loop
    vertex -3.99856 -5.74556 50.6022
    vertex -3.5 -6.06218 52
    vertex -2.68814 -6.46327 50.5764
  endloop
endfacet
facet normal 0.772375 0.634994 -0.0148069
  outer loop
    vertex -5.74556 -3.99856 -0.605891
    vertex -5.87536 -3.80527 0.912525
    vertex -4.94975 -4.94975 0.114842
  endloop
endfacet
facet normal 0.87584 0.481868 -0.0265848
  outer loop
    vertex -5.74556 -3.99856 -0.605891
    vertex -6.06218 -3.5 -2
    vertex -6.45974 -2.69662 -0.535896
  endloop
endfacet
facet normal 0.634994 0.772375 -0.0148069
  outer loop
    vertex -3.80527 -5.87536 0.912525
    vertex -3.99856 -5.74556 -0.605891
    vertex -4.94975 -4.94975 0.114842
  endloop
endfacet
facet normal 0.481868 0.87584 -0.0265848
  outer loop
    vertex -3.5 -6.06218 -2
    vertex -3.99856 -5.74556 -0.605891
    vertex -2.69662 -6.45974 -0.535896
  endloop
endfacet
facet normal 0.616048 0.786801 -0.0378055
  outer loop
    vertex -4.06874 -5.69608 40.6701
    vertex -4.94975 -4.94975 41.8465
    vertex -3.48136 -6.0729 42.3993
  endloop
endfacet
facet normal 0.500849 0.865338 0.0184407
  outer loop
    vertex -2.85125 -6.39299 40.306
    vertex -4.06874 -5.69608 40.6701
    vertex -3.48136 -6.0729 42.3993
  endloop
endfacet
facet normal 0.786801 0.616048 -0.0378055
  outer loop
    vertex -4.94975 -4.94975 41.8465
    vertex -5.69608 -4.06874 40.6701
    vertex -6.0729 -3.48136 42.3993
  endloop
endfacet
facet normal 0.865352 0.500826 0.0184516
  outer loop
    vertex -5.69608 -4.06874 40.6701
    vertex -6.39314 -2.85093 40.3063
    vertex -6.0729 -3.48136 42.3993
  endloop
endfacet
facet normal 0.608333 0.792795 0.0375018
  outer loop
    vertex -4.94975 -4.94975 -2
    vertex -3.99856 -5.74556 -0.605891
    vertex -3.5 -6.06218 -2
  endloop
endfacet
facet normal 0.641688 0.766966 2.70802e-13
  outer loop
    vertex -4.94975 -4.94975 -2
    vertex -4.94975 -4.94975 0.114842
    vertex -3.99856 -5.74556 -0.605891
  endloop
endfacet
facet normal 0.608335 0.792798 -0.0374035
  outer loop
    vertex -3.99856 -5.74556 50.6022
    vertex -4.94975 -4.94975 52
    vertex -3.5 -6.06218 52
  endloop
endfacet
facet normal 0.641688 0.766966 -2.70049e-13
  outer loop
    vertex -4.94975 -4.94975 49.8793
    vertex -4.94975 -4.94975 52
    vertex -3.99856 -5.74556 50.6022
  endloop
endfacet
facet normal 0.792795 0.608333 0.0375018
  outer loop
    vertex -5.74556 -3.99856 -0.605891
    vertex -4.94975 -4.94975 -2
    vertex -6.06218 -3.5 -2
  endloop
endfacet
facet normal 0.766966 0.641688 -2.70802e-13
  outer loop
    vertex -4.94975 -4.94975 0.114842
    vertex -4.94975 -4.94975 -2
    vertex -5.74556 -3.99856 -0.605891
  endloop
endfacet
facet normal 0.792798 0.608335 -0.0374035
  outer loop
    vertex -4.94975 -4.94975 52
    vertex -5.74556 -3.99856 50.6022
    vertex -6.06218 -3.5 52
  endloop
endfacet
facet normal 0.766966 0.641688 2.70049e-13
  outer loop
    vertex -4.94975 -4.94975 52
    vertex -4.94975 -4.94975 49.8793
    vertex -5.74556 -3.99856 50.6022
  endloop
endfacet
facet normal 0.371473 0.927982 -0.0292945
  outer loop
    vertex -1.83416 -6.75543 7.11797
    vertex -2.67169 -6.47009 5.53651
    vertex -3.41452 -6.11073 7.50058
  endloop
endfacet
facet normal 0.927982 0.371473 -0.0292945
  outer loop
    vertex -6.47009 -2.67169 5.53651
    vertex -6.75543 -1.83416 7.11797
    vertex -6.11073 -3.41452 7.50058
  endloop
endfacet
facet normal 0.445003 0.894391 0.0451408
  outer loop
    vertex -2.02524 -6.70063 38.2583
    vertex -3.94693 -5.78116 38.9847
    vertex -2.85125 -6.39299 40.306
  endloop
endfacet
facet normal 0.894436 0.444905 0.0452029
  outer loop
    vertex -5.7813 -3.94671 38.9849
    vertex -6.70097 -2.02409 38.2594
    vertex -6.39314 -2.85093 40.3063
  endloop
endfacet
facet normal 0.606985 0.794712 -0.00093943
  outer loop
    vertex -4.94975 -4.94975 43.7772
    vertex -3.46803 -6.08052 44.5633
    vertex -3.48136 -6.0729 42.3993
  endloop
endfacet
facet normal 0.794712 0.606985 -0.00093943
  outer loop
    vertex -6.08052 -3.46803 44.5633
    vertex -4.94975 -4.94975 43.7772
    vertex -6.0729 -3.48136 42.3993
  endloop
endfacet
facet normal 0.620017 0.783745 -0.0363586
  outer loop
    vertex -3.89023 -5.81946 5.66707
    vertex -4.94975 -4.94975 6.34677
    vertex -3.41452 -6.11073 7.50058
  endloop
endfacet
facet normal 0.472387 0.881219 0.0174284
  outer loop
    vertex -3.41452 -6.11073 7.50058
    vertex -2.67169 -6.47009 5.53651
    vertex -3.89023 -5.81946 5.66707
  endloop
endfacet
facet normal 0.783745 0.620017 -0.0363586
  outer loop
    vertex -4.94975 -4.94975 6.34677
    vertex -5.81946 -3.89023 5.66707
    vertex -6.11073 -3.41452 7.50058
  endloop
endfacet
facet normal 0.881219 0.472387 0.0174284
  outer loop
    vertex -6.47009 -2.67169 5.53651
    vertex -6.11073 -3.41452 7.50058
    vertex -5.81946 -3.89023 5.66707
  endloop
endfacet
facet normal 0.498773 0.866489 -0.0205686
  outer loop
    vertex -4.07849 -5.6891 11.479
    vertex -2.85041 -6.39337 11.5907
    vertex -3.45194 -6.08967 9.79778
  endloop
endfacet
facet normal 0.866489 0.498773 -0.0205686
  outer loop
    vertex -6.39337 -2.85041 11.5907
    vertex -5.6891 -4.07849 11.479
    vertex -6.08967 -3.45194 9.79778
  endloop
endfacet
facet normal 0.796744 0.604311 0.00253922
  outer loop
    vertex -6.08967 -3.45194 9.79778
    vertex -4.94975 -4.94975 8.58215
    vertex -6.11073 -3.41452 7.50058
  endloop
endfacet
facet normal 0.604311 0.796744 0.00253922
  outer loop
    vertex -4.94975 -4.94975 8.58215
    vertex -3.45194 -6.08967 9.79778
    vertex -3.41452 -6.11073 7.50058
  endloop
endfacet
facet normal 0.994214 0.107414 0
  outer loop
    vertex -7 0 12.8966
    vertex -6.83847 -1.4951 12.7348
    vertex -7 0 11.0345
  endloop
endfacet
facet normal 0.948773 0.315916 -0.00512548
  outer loop
    vertex -6.39337 -2.85041 11.5907
    vertex -6.81422 -1.602 10.6346
    vertex -6.83847 -1.4951 12.7348
  endloop
endfacet
facet normal 0.993488 0.113795 0.00567982
  outer loop
    vertex -6.81422 -1.602 10.6346
    vertex -7 0 11.0345
    vertex -6.83847 -1.4951 12.7348
  endloop
endfacet
facet normal 0.107414 0.994214 0
  outer loop
    vertex -1.4951 -6.83847 12.7348
    vertex 0 -7 12.8966
    vertex 0 -7 11.0345
  endloop
endfacet
facet normal 0.315916 0.948773 -0.00512548
  outer loop
    vertex -1.602 -6.81422 10.6346
    vertex -2.85041 -6.39337 11.5907
    vertex -1.4951 -6.83847 12.7348
  endloop
endfacet
facet normal 0.113795 0.993488 0.00567982
  outer loop
    vertex 0 -7 11.0345
    vertex -1.602 -6.81422 10.6346
    vertex -1.4951 -6.83847 12.7348
  endloop
endfacet
facet normal 0.495935 0.868109 0.0208575
  outer loop
    vertex -2.85041 -6.39337 11.5907
    vertex -4.07849 -5.6891 11.479
    vertex -3.44949 -6.09106 13.2529
  endloop
endfacet
facet normal 0.868083 0.49603 0.0196492
  outer loop
    vertex -5.6891 -4.07849 11.479
    vertex -6.39337 -2.85041 11.5907
    vertex -5.99034 -3.62159 13.2529
  endloop
endfacet
facet normal 0.901959 0.431211 0.0229425
  outer loop
    vertex -5.85107 -3.84252 33.1269
    vertex -6.71719 -1.9696 31.9755
    vertex -6.60779 -2.31021 34.0764
  endloop
endfacet
facet normal 0.401048 0.91475 0.0489226
  outer loop
    vertex -1.73935 -6.78046 32.3089
    vertex -3.67494 -5.95775 32.7932
    vertex -2.54212 -6.52209 34.0586
  endloop
endfacet
facet normal 0.996292 0.0860335 0
  outer loop
    vertex -7 0 22.2069
    vertex -6.89638 -1.2 21.8346
    vertex -7 0 20.3448
  endloop
endfacet
facet normal 0.98472 0.162565 0.0624494
  outer loop
    vertex -6.63534 -2.22985 20.3994
    vertex -7 0 20.3448
    vertex -6.89638 -1.2 21.8346
  endloop
endfacet
facet normal 0.0860335 0.996292 0
  outer loop
    vertex -1.2 -6.89638 21.8346
    vertex 0 -7 22.2069
    vertex 0 -7 20.3448
  endloop
endfacet
facet normal 0.162565 0.98472 0.0624494
  outer loop
    vertex 0 -7 20.3448
    vertex -2.22985 -6.63534 20.3994
    vertex -1.2 -6.89638 21.8346
  endloop
endfacet
facet normal 0.783376 0.621522 0.00574585
  outer loop
    vertex -4.94975 -4.94975 20.5548
    vertex -5.91487 -3.74357 21.6665
    vertex -5.03919 -4.85866 22.8962
  endloop
endfacet
facet normal 0.628268 0.777972 -0.0062657
  outer loop
    vertex -3.74357 -5.91487 21.6665
    vertex -4.94975 -4.94975 20.5548
    vertex -5.03919 -4.85866 22.8962
  endloop
endfacet
facet normal 0.64638 0.763016 -4.8237e-15
  outer loop
    vertex -4.06874 -5.69608 40.6701
    vertex -4.94975 -4.94975 39.8531
    vertex -4.94975 -4.94975 41.8465
  endloop
endfacet
facet normal 0.642182 0.766514 0.00772294
  outer loop
    vertex -4.94975 -4.94975 39.8531
    vertex -4.06874 -5.69608 40.6701
    vertex -3.94693 -5.78116 38.9847
  endloop
endfacet
facet normal 0.494947 0.868886 -0.0080865
  outer loop
    vertex -4.06874 -5.69608 40.6701
    vertex -2.85125 -6.39299 40.306
    vertex -3.94693 -5.78116 38.9847
  endloop
endfacet
facet normal 0.763016 0.64638 5.43297e-15
  outer loop
    vertex -4.94975 -4.94975 39.8531
    vertex -5.69608 -4.06874 40.6701
    vertex -4.94975 -4.94975 41.8465
  endloop
endfacet
facet normal 0.76652 0.642173 0.00773809
  outer loop
    vertex -5.69608 -4.06874 40.6701
    vertex -4.94975 -4.94975 39.8531
    vertex -5.7813 -3.94671 38.9849
  endloop
endfacet
facet normal 0.868899 0.494923 -0.00810238
  outer loop
    vertex -6.39314 -2.85093 40.3063
    vertex -5.69608 -4.06874 40.6701
    vertex -5.7813 -3.94671 38.9849
  endloop
endfacet
facet normal 0.994214 0.107414 0
  outer loop
    vertex -6.83847 -1.4951 12.7348
    vertex -7 0 12.8966
    vertex -7 0 14.7586
  endloop
endfacet
facet normal 0.987451 0.154008 -0.0349602
  outer loop
    vertex -6.65851 -2.15969 14.8901
    vertex -6.83847 -1.4951 12.7348
    vertex -7 0 14.7586
  endloop
endfacet
facet normal 0.107414 0.994214 -0
  outer loop
    vertex 0 -7 12.8966
    vertex -1.4951 -6.83847 12.7348
    vertex 0 -7 14.7586
  endloop
endfacet
facet normal 0.154008 0.987451 -0.0349602
  outer loop
    vertex -1.4951 -6.83847 12.7348
    vertex -2.15969 -6.65851 14.8901
    vertex 0 -7 14.7586
  endloop
endfacet
facet normal 0.904088 0.427164 -0.012449
  outer loop
    vertex -6.65851 -2.15969 14.8901
    vertex -5.86241 -3.8252 15.5566
    vertex -5.99034 -3.62159 13.2529
  endloop
endfacet
facet normal 0.41555 0.909489 -0.0121485
  outer loop
    vertex -3.67789 -5.95593 15.5566
    vertex -2.15969 -6.65851 14.8901
    vertex -3.44949 -6.09106 13.2529
  endloop
endfacet
facet normal 0.885808 0.46405 -0.00148179
  outer loop
    vertex -6.48947 -2.62427 16.7967
    vertex -5.84566 -3.85075 17.5689
    vertex -5.86241 -3.8252 15.5566
  endloop
endfacet
facet normal 0.46026 0.887737 -0.00911062
  outer loop
    vertex -3.85075 -5.84566 17.5689
    vertex -2.62427 -6.48947 16.7967
    vertex -3.67789 -5.95593 15.5566
  endloop
endfacet
facet normal 0.63558 0.772022 0.00444372
  outer loop
    vertex -3.87129 -5.83208 37.013
    vertex -4.94975 -4.94975 37.9736
    vertex -3.94693 -5.78116 38.9847
  endloop
endfacet
facet normal 0.772067 0.635525 0.00451198
  outer loop
    vertex -4.94975 -4.94975 37.9736
    vertex -5.83293 -3.87 37.0143
    vertex -5.7813 -3.94671 38.9849
  endloop
endfacet
facet normal 0.884404 0.466705 0.00390699
  outer loop
    vertex -6.46361 -2.68734 18.4763
    vertex -5.84566 -3.85075 17.5689
    vertex -6.48947 -2.62427 16.7967
  endloop
endfacet
facet normal 0.885655 0.464276 0.00787302
  outer loop
    vertex -6.46361 -2.68734 18.4763
    vertex -5.93582 -3.71026 19.4267
    vertex -5.84566 -3.85075 17.5689
  endloop
endfacet
facet normal 0.77886 0.627124 -0.00962467
  outer loop
    vertex -5.93582 -3.71026 19.4267
    vertex -4.94975 -4.94975 18.4605
    vertex -5.84566 -3.85075 17.5689
  endloop
endfacet
facet normal 0.466705 0.884404 0.00390699
  outer loop
    vertex -3.85075 -5.84566 17.5689
    vertex -2.68734 -6.46361 18.4763
    vertex -2.62427 -6.48947 16.7967
  endloop
endfacet
facet normal 0.464276 0.885655 0.00787302
  outer loop
    vertex -3.71026 -5.93582 19.4267
    vertex -2.68734 -6.46361 18.4763
    vertex -3.85075 -5.84566 17.5689
  endloop
endfacet
facet normal 0.627124 0.77886 -0.00962467
  outer loop
    vertex -4.94975 -4.94975 18.4605
    vertex -3.71026 -5.93582 19.4267
    vertex -3.85075 -5.84566 17.5689
  endloop
endfacet
facet normal 0.995794 0.0916221 0
  outer loop
    vertex -7 0 18.4828
    vertex -6.88248 -1.27731 18.2014
    vertex -7 0 16.6207
  endloop
endfacet
facet normal 0.958807 0.284029 -0.00409862
  outer loop
    vertex -6.48947 -2.62427 16.7967
    vertex -6.88248 -1.27731 18.2014
    vertex -6.46361 -2.68734 18.4763
  endloop
endfacet
facet normal 0.960126 0.279566 0.00055037
  outer loop
    vertex -6.48947 -2.62427 16.7967
    vertex -6.88438 -1.26701 16.2887
    vertex -6.88248 -1.27731 18.2014
  endloop
endfacet
facet normal 0.99585 0.0910067 -0.00050144
  outer loop
    vertex -6.88438 -1.26701 16.2887
    vertex -7 0 16.6207
    vertex -6.88248 -1.27731 18.2014
  endloop
endfacet
facet normal 0.0916221 0.995794 0
  outer loop
    vertex -1.27731 -6.88248 18.2014
    vertex 0 -7 18.4828
    vertex 0 -7 16.6207
  endloop
endfacet
facet normal 0.284029 0.958807 -0.00409862
  outer loop
    vertex -1.27731 -6.88248 18.2014
    vertex -2.62427 -6.48947 16.7967
    vertex -2.68734 -6.46361 18.4763
  endloop
endfacet
facet normal 0.279566 0.960126 0.00055037
  outer loop
    vertex -1.26701 -6.88438 16.2887
    vertex -2.62427 -6.48947 16.7967
    vertex -1.27731 -6.88248 18.2014
  endloop
endfacet
facet normal 0.0910067 0.99585 -0.00050144
  outer loop
    vertex 0 -7 16.6207
    vertex -1.26701 -6.88438 16.2887
    vertex -1.27731 -6.88248 18.2014
  endloop
endfacet
facet normal 0.907443 0.420175 0.000867242
  outer loop
    vertex -6.71719 -1.9696 31.9755
    vertex -5.85107 -3.84252 33.1269
    vertex -5.84494 -3.85183 31.2288
  endloop
endfacet
facet normal 0.775325 0.631562 -0.000596021
  outer loop
    vertex -5.85107 -3.84252 33.1269
    vertex -4.94975 -4.94975 32.3507
    vertex -5.84494 -3.85183 31.2288
  endloop
endfacet
facet normal 0.624937 0.780342 -0.0227963
  outer loop
    vertex -4.94975 -4.94975 32.3507
    vertex -3.67494 -5.95775 32.7932
    vertex -4.21025 -5.5923 30.6281
  endloop
endfacet
facet normal 0.774043 0.633133 4.65563e-16
  outer loop
    vertex -4.94975 -4.94975 35.9592
    vertex -5.83293 -3.87 37.0143
    vertex -4.94975 -4.94975 37.9736
  endloop
endfacet
facet normal 0.773596 0.633678 -0.000932164
  outer loop
    vertex -4.94975 -4.94975 35.9592
    vertex -5.82281 -3.88522 35.0717
    vertex -5.83293 -3.87 37.0143
  endloop
endfacet
facet normal 0.906706 0.42176 0.0014224
  outer loop
    vertex -5.82281 -3.88522 35.0717
    vertex -6.72053 -1.95817 35.9318
    vertex -5.83293 -3.87 37.0143
  endloop
endfacet
facet normal 0.633218 0.773973 1.58221e-16
  outer loop
    vertex -3.87129 -5.83208 37.013
    vertex -4.94975 -4.94975 35.9592
    vertex -4.94975 -4.94975 37.9736
  endloop
endfacet
facet normal 0.633989 0.773341 -0.00131797
  outer loop
    vertex -3.89296 -5.81763 35.0636
    vertex -4.94975 -4.94975 35.9592
    vertex -3.87129 -5.83208 37.013
  endloop
endfacet
facet normal 0.422526 0.906349 0.00201775
  outer loop
    vertex -1.96385 -6.71888 35.9263
    vertex -3.89296 -5.81763 35.0636
    vertex -3.87129 -5.83208 37.013
  endloop
endfacet
facet normal 0.99517 0.0981699 0
  outer loop
    vertex -7 0 27.7931
    vertex -6.86508 -1.36774 26.8566
    vertex -7 0 25.931
  endloop
endfacet
facet normal 0.955779 0.293607 0.0167839
  outer loop
    vertex -6.38293 -2.8737 25.7447
    vertex -6.86508 -1.36774 26.8566
    vertex -6.51284 -2.56571 27.7548
  endloop
endfacet
facet normal 0.953261 0.302119 0.00416353
  outer loop
    vertex -6.38293 -2.8737 25.7447
    vertex -6.87594 -1.31205 25.3022
    vertex -6.86508 -1.36774 26.8566
  endloop
endfacet
facet normal 0.995394 0.0958085 -0.00352229
  outer loop
    vertex -6.87594 -1.31205 25.3022
    vertex -7 0 25.931
    vertex -6.86508 -1.36774 26.8566
  endloop
endfacet
facet normal 0.0997285 0.995015 0
  outer loop
    vertex -1.38924 -6.86076 26.8798
    vertex 0 -7 27.7931
    vertex 0 -7 25.931
  endloop
endfacet
facet normal 0.303084 0.952845 -0.0150212
  outer loop
    vertex -1.38924 -6.86076 26.8798
    vertex -2.6745 -6.46893 25.802
    vertex -2.91013 -6.36641 27.551
  endloop
endfacet
facet normal 0.28787 0.957657 0.00487065
  outer loop
    vertex -1.31205 -6.87594 25.3022
    vertex -2.6745 -6.46893 25.802
    vertex -1.38924 -6.86076 26.8798
  endloop
endfacet
facet normal 0.0964422 0.995327 -0.00485781
  outer loop
    vertex 0 -7 25.931
    vertex -1.31205 -6.87594 25.3022
    vertex -1.38924 -6.86076 26.8798
  endloop
endfacet
facet normal 0.995794 0.0916221 0
  outer loop
    vertex -7 0 20.3448
    vertex -6.88248 -1.27731 18.2014
    vertex -7 0 18.4828
  endloop
endfacet
facet normal 0.986204 0.160264 -0.0414301
  outer loop
    vertex -7 0 20.3448
    vertex -6.63534 -2.22985 20.3994
    vertex -6.88248 -1.27731 18.2014
  endloop
endfacet
facet normal 0.0916221 0.995794 0
  outer loop
    vertex -1.27731 -6.88248 18.2014
    vertex 0 -7 20.3448
    vertex 0 -7 18.4828
  endloop
endfacet
facet normal 0.160264 0.986204 -0.0414301
  outer loop
    vertex -2.22985 -6.63534 20.3994
    vertex 0 -7 20.3448
    vertex -1.27731 -6.88248 18.2014
  endloop
endfacet
facet normal 0.995559 0.0941361 0
  outer loop
    vertex -6.87594 -1.31205 25.3022
    vertex -7 0 24.069
    vertex -7 0 25.931
  endloop
endfacet
facet normal 0.99555 0.0942336 0.000104694
  outer loop
    vertex -6.87557 -1.31397 23.5441
    vertex -7 0 24.069
    vertex -6.87594 -1.31205 25.3022
  endloop
endfacet
facet normal 0.955934 0.291192 -0.0373855
  outer loop
    vertex -6.87594 -1.31205 25.3022
    vertex -6.38293 -2.8737 25.7447
    vertex -6.56734 -2.42282 24.5413
  endloop
endfacet
facet normal 0.96349 0.267744 -9.14527e-05
  outer loop
    vertex -6.56734 -2.42282 24.5413
    vertex -6.87557 -1.31397 23.5441
    vertex -6.87594 -1.31205 25.3022
  endloop
endfacet
facet normal 0.0941361 0.995559 -0
  outer loop
    vertex 0 -7 24.069
    vertex -1.31205 -6.87594 25.3022
    vertex 0 -7 25.931
  endloop
endfacet
facet normal 0.0942336 0.99555 0.000104694
  outer loop
    vertex 0 -7 24.069
    vertex -1.31397 -6.87557 23.5441
    vertex -1.31205 -6.87594 25.3022
  endloop
endfacet
facet normal 0.279749 0.959883 -0.01908
  outer loop
    vertex -2.6745 -6.46893 25.802
    vertex -1.31205 -6.87594 25.3022
    vertex -2.42282 -6.56734 24.5413
  endloop
endfacet
facet normal 0.267744 0.96349 -9.14527e-05
  outer loop
    vertex -1.31397 -6.87557 23.5441
    vertex -2.42282 -6.56734 24.5413
    vertex -1.31205 -6.87594 25.3022
  endloop
endfacet
facet normal 0.995546 0.0942751 0
  outer loop
    vertex -6.87557 -1.31397 23.5441
    vertex -7 0 22.2069
    vertex -7 0 24.069
  endloop
endfacet
facet normal 0.996104 0.0879587 -0.00625841
  outer loop
    vertex -6.89638 -1.2 21.8346
    vertex -7 0 22.2069
    vertex -6.87557 -1.31397 23.5441
  endloop
endfacet
facet normal 0.963824 0.266534 -0.00153997
  outer loop
    vertex -6.87557 -1.31397 23.5441
    vertex -6.56734 -2.42282 24.5413
    vertex -6.57952 -2.38956 22.6779
  endloop
endfacet
facet normal 0.965285 0.261136 0.00566214
  outer loop
    vertex -6.57952 -2.38956 22.6779
    vertex -6.89638 -1.2 21.8346
    vertex -6.87557 -1.31397 23.5441
  endloop
endfacet
facet normal 0.0942751 0.995546 -0
  outer loop
    vertex 0 -7 22.2069
    vertex -1.31397 -6.87557 23.5441
    vertex 0 -7 24.069
  endloop
endfacet
facet normal 0.0879587 0.996104 -0.00625841
  outer loop
    vertex 0 -7 22.2069
    vertex -1.2 -6.89638 21.8346
    vertex -1.31397 -6.87557 23.5441
  endloop
endfacet
facet normal 0.266534 0.963824 -0.00153997
  outer loop
    vertex -2.42282 -6.56734 24.5413
    vertex -1.31397 -6.87557 23.5441
    vertex -2.38956 -6.57952 22.6779
  endloop
endfacet
facet normal 0.261136 0.965285 0.00566214
  outer loop
    vertex -1.2 -6.89638 21.8346
    vertex -2.38956 -6.57952 22.6779
    vertex -1.31397 -6.87557 23.5441
  endloop
endfacet
facet normal 0.993367 0.114986 0
  outer loop
    vertex -7 0 42.6897
    vertex -6.8149 -1.59912 41.628
    vertex -7 0 40.8276
  endloop
endfacet
facet normal 0.93472 0.353503 -0.0365367
  outer loop
    vertex -6.8149 -1.59912 41.628
    vertex -6.0729 -3.48136 42.3993
    vertex -6.39314 -2.85093 40.3063
  endloop
endfacet
facet normal 0.114995 0.993366 0
  outer loop
    vertex -1.59925 -6.81487 41.6279
    vertex 0 -7 42.6897
    vertex 0 -7 40.8276
  endloop
endfacet
facet normal 0.353516 0.934715 -0.0365172
  outer loop
    vertex -3.48136 -6.0729 42.3993
    vertex -1.59925 -6.81487 41.6279
    vertex -2.85125 -6.39299 40.306
  endloop
endfacet
facet normal 0.991625 0.129151 0
  outer loop
    vertex -6.76648 -1.79297 8.6229
    vertex -7 0 7.31034
    vertex -7 0 9.17241
  endloop
endfacet
facet normal 0.991271 0.131792 0.00367052
  outer loop
    vertex -6.75543 -1.83416 7.11797
    vertex -7 0 7.31034
    vertex -6.76648 -1.79297 8.6229
  endloop
endfacet
facet normal 0.92621 0.376991 -0.00351822
  outer loop
    vertex -6.11073 -3.41452 7.50058
    vertex -6.75543 -1.83416 7.11797
    vertex -6.76648 -1.79297 8.6229
  endloop
endfacet
facet normal 0.129151 0.991625 -0
  outer loop
    vertex 0 -7 7.31034
    vertex -1.79297 -6.76648 8.6229
    vertex 0 -7 9.17241
  endloop
endfacet
facet normal 0.131792 0.991271 0.00367052
  outer loop
    vertex 0 -7 7.31034
    vertex -1.83416 -6.75543 7.11797
    vertex -1.79297 -6.76648 8.6229
  endloop
endfacet
facet normal 0.376991 0.92621 -0.00351822
  outer loop
    vertex -1.83416 -6.75543 7.11797
    vertex -3.41452 -6.11073 7.50058
    vertex -1.79297 -6.76648 8.6229
  endloop
endfacet
facet normal 0.0947735 0.995499 -0
  outer loop
    vertex 0 -7 3.58621
    vertex -1.32086 -6.87425 5.17682
    vertex 0 -7 5.44828
  endloop
endfacet
facet normal 0.29109 0.956518 0.018424
  outer loop
    vertex -1.83416 -6.75543 7.11797
    vertex -1.32086 -6.87425 5.17682
    vertex -2.67169 -6.47009 5.53651
  endloop
endfacet
facet normal 0.995499 0.0947735 0
  outer loop
    vertex -6.87425 -1.32086 5.17682
    vertex -7 0 3.58621
    vertex -7 0 5.44828
  endloop
endfacet
facet normal 0.956518 0.29109 0.018424
  outer loop
    vertex -6.87425 -1.32086 5.17682
    vertex -6.75543 -1.83416 7.11797
    vertex -6.47009 -2.67169 5.53651
  endloop
endfacet
facet normal 0.901426 0.432078 -0.0272074
  outer loop
    vertex -5.82281 -3.88522 35.0717
    vertex -6.60779 -2.31021 34.0764
    vertex -6.72053 -1.95817 35.9318
  endloop
endfacet
facet normal 0.895815 0.444415 -0.00326204
  outer loop
    vertex -5.85107 -3.84252 33.1269
    vertex -6.60779 -2.31021 34.0764
    vertex -5.82281 -3.88522 35.0717
  endloop
endfacet
facet normal 0.437885 0.898098 -0.0409512
  outer loop
    vertex -2.54212 -6.52209 34.0586
    vertex -3.89296 -5.81763 35.0636
    vertex -1.96385 -6.71888 35.9263
  endloop
endfacet
facet normal 0.455829 0.889998 -0.0111544
  outer loop
    vertex -2.54212 -6.52209 34.0586
    vertex -3.67494 -5.95775 32.7932
    vertex -3.89296 -5.81763 35.0636
  endloop
endfacet
facet normal 0.782565 0.622569 0
  outer loop
    vertex -4.94975 -4.94975 20.5548
    vertex -4.94975 -4.94975 18.4605
    vertex -5.93582 -3.71026 19.4267
  endloop
endfacet
facet normal 0.781692 0.623661 0.00196281
  outer loop
    vertex -5.93582 -3.71026 19.4267
    vertex -5.91487 -3.74357 21.6665
    vertex -4.94975 -4.94975 20.5548
  endloop
endfacet
facet normal 0.622569 0.782565 -0
  outer loop
    vertex -4.94975 -4.94975 18.4605
    vertex -4.94975 -4.94975 20.5548
    vertex -3.71026 -5.93582 19.4267
  endloop
endfacet
facet normal 0.623661 0.781692 0.00196281
  outer loop
    vertex -3.74357 -5.91487 21.6665
    vertex -3.71026 -5.93582 19.4267
    vertex -4.94975 -4.94975 20.5548
  endloop
endfacet
facet normal 0.439702 0.897969 0.0176849
  outer loop
    vertex -3.75536 -5.90739 24.1629
    vertex -2.6745 -6.46893 25.802
    vertex -2.42282 -6.56734 24.5413
  endloop
endfacet
facet normal 0.908102 0.418379 0.0176014
  outer loop
    vertex -6.38293 -2.8737 25.7447
    vertex -6.03944 -3.53908 23.8391
    vertex -6.56734 -2.42282 24.5413
  endloop
endfacet
facet normal 0.904421 0.426638 0.00170608
  outer loop
    vertex -6.03944 -3.53908 23.8391
    vertex -6.57952 -2.38956 22.6779
    vertex -6.56734 -2.42282 24.5413
  endloop
endfacet
facet normal 0.900794 0.434112 0.0107914
  outer loop
    vertex -5.91487 -3.74357 21.6665
    vertex -6.57952 -2.38956 22.6779
    vertex -6.03944 -3.53908 23.8391
  endloop
endfacet
facet normal 0.792756 0.609423 -0.0119033
  outer loop
    vertex -5.03919 -4.85866 22.8962
    vertex -5.91487 -3.74357 21.6665
    vertex -6.03944 -3.53908 23.8391
  endloop
endfacet
facet normal 0.443339 0.896352 0.00205691
  outer loop
    vertex -2.38956 -6.57952 22.6779
    vertex -3.75536 -5.90739 24.1629
    vertex -2.42282 -6.56734 24.5413
  endloop
endfacet
facet normal 0.44101 0.897502 -0.000606131
  outer loop
    vertex -2.38956 -6.57952 22.6779
    vertex -3.74357 -5.91487 21.6665
    vertex -3.75536 -5.90739 24.1629
  endloop
endfacet
facet normal 0.632239 0.774773 0.000665266
  outer loop
    vertex -3.74357 -5.91487 21.6665
    vertex -5.03919 -4.85866 22.8962
    vertex -3.75536 -5.90739 24.1629
  endloop
endfacet
facet normal 0.638246 0.769833 -8.16214e-16
  outer loop
    vertex -3.94693 -5.78116 38.9847
    vertex -4.94975 -4.94975 37.9736
    vertex -4.94975 -4.94975 39.8531
  endloop
endfacet
facet normal 0.769845 0.638231 8.08519e-16
  outer loop
    vertex -4.94975 -4.94975 37.9736
    vertex -5.7813 -3.94671 38.9849
    vertex -4.94975 -4.94975 39.8531
  endloop
endfacet
facet normal 0.606671 0.794953 -6.68245e-14
  outer loop
    vertex -4.94975 -4.94975 45.5034
    vertex -3.46803 -6.08052 44.5633
    vertex -4.94975 -4.94975 43.7772
  endloop
endfacet
facet normal 0.794953 0.606671 6.75642e-14
  outer loop
    vertex -6.08052 -3.46803 44.5633
    vertex -4.94975 -4.94975 45.5034
    vertex -4.94975 -4.94975 43.7772
  endloop
endfacet
facet normal 0.634475 0.772943 4.66496e-14
  outer loop
    vertex -3.89023 -5.81946 5.66707
    vertex -4.94975 -4.94975 4.53592
    vertex -4.94975 -4.94975 6.34677
  endloop
endfacet
facet normal 0.772943 0.634475 -4.8027e-14
  outer loop
    vertex -4.94975 -4.94975 4.53592
    vertex -5.81946 -3.89023 5.66707
    vertex -4.94975 -4.94975 6.34677
  endloop
endfacet
facet normal 0.995862 0.0908765 0
  outer loop
    vertex -7 0 16.6207
    vertex -6.88438 -1.26701 16.2887
    vertex -7 0 14.7586
  endloop
endfacet
facet normal 0.961878 0.272833 -0.018799
  outer loop
    vertex -6.65851 -2.15969 14.8901
    vertex -6.88438 -1.26701 16.2887
    vertex -6.48947 -2.62427 16.7967
  endloop
endfacet
facet normal 0.985551 0.159334 0.0574666
  outer loop
    vertex -6.88438 -1.26701 16.2887
    vertex -6.65851 -2.15969 14.8901
    vertex -7 0 14.7586
  endloop
endfacet
facet normal 0.0908765 0.995862 0
  outer loop
    vertex -1.26701 -6.88438 16.2887
    vertex 0 -7 16.6207
    vertex 0 -7 14.7586
  endloop
endfacet
facet normal 0.272833 0.961878 -0.018799
  outer loop
    vertex -1.26701 -6.88438 16.2887
    vertex -2.15969 -6.65851 14.8901
    vertex -2.62427 -6.48947 16.7967
  endloop
endfacet
facet normal 0.159334 0.985551 0.0574666
  outer loop
    vertex -2.15969 -6.65851 14.8901
    vertex -1.26701 -6.88438 16.2887
    vertex 0 -7 14.7586
  endloop
endfacet
facet normal 0.480323 0.876983 0.0138244
  outer loop
    vertex -3.80527 -5.87536 0.912525
    vertex -2.69662 -6.45974 -0.535896
    vertex -3.99856 -5.74556 -0.605891
  endloop
endfacet
facet normal 0.480109 0.8771 -0.0138352
  outer loop
    vertex -2.68814 -6.46327 50.5764
    vertex -3.80527 -5.87536 49.0809
    vertex -3.99856 -5.74556 50.6022
  endloop
endfacet
facet normal 0.876983 0.480323 0.0138244
  outer loop
    vertex -6.45974 -2.69662 -0.535896
    vertex -5.87536 -3.80527 0.912525
    vertex -5.74556 -3.99856 -0.605891
  endloop
endfacet
facet normal 0.8771 0.480109 -0.0138352
  outer loop
    vertex -5.87536 -3.80527 49.0809
    vertex -6.46327 -2.68814 50.5764
    vertex -5.74556 -3.99856 50.6022
  endloop
endfacet
facet normal 0.615057 0.787485 -0.0396529
  outer loop
    vertex -4.88767 -5.01105 12.3935
    vertex -3.44949 -6.09106 13.2529
    vertex -4.07849 -5.6891 11.479
  endloop
endfacet
facet normal 0.773242 0.633313 -0.0318179
  outer loop
    vertex -5.99034 -3.62159 13.2529
    vertex -4.88767 -5.01105 12.3935
    vertex -5.6891 -4.07849 11.479
  endloop
endfacet
facet normal 0.132171 0.991227 -0
  outer loop
    vertex 0 -7 5.44828
    vertex -1.83416 -6.75543 7.11797
    vertex 0 -7 7.31034
  endloop
endfacet
facet normal 0.101638 0.994241 -0.0339824
  outer loop
    vertex 0 -7 5.44828
    vertex -1.32086 -6.87425 5.17682
    vertex -1.83416 -6.75543 7.11797
  endloop
endfacet
facet normal 0.991227 0.132171 0
  outer loop
    vertex -6.75543 -1.83416 7.11797
    vertex -7 0 5.44828
    vertex -7 0 7.31034
  endloop
endfacet
facet normal 0.994241 0.101638 -0.0339824
  outer loop
    vertex -6.87425 -1.32086 5.17682
    vertex -7 0 5.44828
    vertex -6.75543 -1.83416 7.11797
  endloop
endfacet
facet normal 0.992143 0.124293 -0.0142323
  outer loop
    vertex -6.75866 -1.82224 43.5999
    vertex -6.8149 -1.59912 41.628
    vertex -7 0 42.6897
  endloop
endfacet
facet normal 0.124298 0.992143 -0.0142256
  outer loop
    vertex -1.59925 -6.81487 41.6279
    vertex -1.82226 -6.75865 43.5999
    vertex 0 -7 42.6897
  endloop
endfacet
facet normal 0.634948 0.772555 0.000575289
  outer loop
    vertex -4.95742 -4.94206 34.1084
    vertex -4.94975 -4.94975 35.9592
    vertex -3.89296 -5.81763 35.0636
  endloop
endfacet
facet normal 0.773451 0.633856 -0.000574476
  outer loop
    vertex -4.94975 -4.94975 35.9592
    vertex -4.95742 -4.94206 34.1084
    vertex -5.82281 -3.88522 35.0717
  endloop
endfacet
facet normal 0.586345 0.808166 0.0553842
  outer loop
    vertex -3.09529 -6.27847 47.4465
    vertex -4.94975 -4.94975 47.6907
    vertex -3.80527 -5.87536 49.0809
  endloop
endfacet
facet normal 0.808166 0.586345 0.0553842
  outer loop
    vertex -4.94975 -4.94975 47.6907
    vertex -6.27847 -3.09529 47.4465
    vertex -5.87536 -3.80527 49.0809
  endloop
endfacet
facet normal 0.604224 0.796146 -0.0326295
  outer loop
    vertex -4.94975 -4.94975 2.30409
    vertex -3.39815 -6.11985 2.48614
    vertex -3.80527 -5.87536 0.912525
  endloop
endfacet
facet normal 0.796146 0.604224 -0.0326295
  outer loop
    vertex -6.11985 -3.39815 2.48614
    vertex -4.94975 -4.94975 2.30409
    vertex -5.87536 -3.80527 0.912525
  endloop
endfacet
facet normal 0.795755 0.605619 -9.46706e-15
  outer loop
    vertex -4.94975 -4.94975 10.6012
    vertex -4.94975 -4.94975 8.58215
    vertex -6.08967 -3.45194 9.79778
  endloop
endfacet
facet normal 0.605619 0.795755 8.85058e-15
  outer loop
    vertex -4.94975 -4.94975 8.58215
    vertex -4.94975 -4.94975 10.6012
    vertex -3.45194 -6.08967 9.79778
  endloop
endfacet
facet normal 0.775745 0.631046 0.000627236
  outer loop
    vertex -5.85107 -3.84252 33.1269
    vertex -4.95742 -4.94206 34.1084
    vertex -4.94975 -4.94975 32.3507
  endloop
endfacet
facet normal 0.774872 0.632112 0.00261623
  outer loop
    vertex -5.85107 -3.84252 33.1269
    vertex -5.82281 -3.88522 35.0717
    vertex -4.95742 -4.94206 34.1084
  endloop
endfacet
facet normal 0.620396 0.784288 -0.000720589
  outer loop
    vertex -4.95742 -4.94206 34.1084
    vertex -3.67494 -5.95775 32.7932
    vertex -4.94975 -4.94975 32.3507
  endloop
endfacet
facet normal 0.628565 0.777658 0.0123655
  outer loop
    vertex -3.89296 -5.81763 35.0636
    vertex -3.67494 -5.95775 32.7932
    vertex -4.95742 -4.94206 34.1084
  endloop
endfacet
facet normal 0.91454 0.399899 0.0608024
  outer loop
    vertex -6.78451 -1.7235 49.0637
    vertex -6.46327 -2.68814 50.5764
    vertex -5.87536 -3.80527 49.0809
  endloop
endfacet
facet normal 0.915326 0.399304 -0.0522977
  outer loop
    vertex -6.27847 -3.09529 47.4465
    vertex -6.78451 -1.7235 49.0637
    vertex -5.87536 -3.80527 49.0809
  endloop
endfacet
facet normal 0.399899 0.91454 0.0608024
  outer loop
    vertex -2.68814 -6.46327 50.5764
    vertex -1.7235 -6.78451 49.0637
    vertex -3.80527 -5.87536 49.0809
  endloop
endfacet
facet normal 0.399304 0.915326 -0.0522977
  outer loop
    vertex -1.7235 -6.78451 49.0637
    vertex -3.09529 -6.27847 47.4465
    vertex -3.80527 -5.87536 49.0809
  endloop
endfacet
facet normal 0.902577 0.42904 -0.0357545
  outer loop
    vertex -6.45974 -2.69662 -0.535896
    vertex -6.69755 -2.03538 1.39539
    vertex -5.87536 -3.80527 0.912525
  endloop
endfacet
facet normal 0.909939 0.413309 0.0344438
  outer loop
    vertex -6.69755 -2.03538 1.39539
    vertex -6.11985 -3.39815 2.48614
    vertex -5.87536 -3.80527 0.912525
  endloop
endfacet
facet normal 0.42904 0.902577 -0.0357545
  outer loop
    vertex -2.03538 -6.69755 1.39539
    vertex -2.69662 -6.45974 -0.535896
    vertex -3.80527 -5.87536 0.912525
  endloop
endfacet
facet normal 0.413309 0.909939 0.0344438
  outer loop
    vertex -3.39815 -6.11985 2.48614
    vertex -2.03538 -6.69755 1.39539
    vertex -3.80527 -5.87536 0.912525
  endloop
endfacet
facet normal 0.987079 0.152648 0.0487248
  outer loop
    vertex -6.67705 -2.10167 3.62802
    vertex -7 0 3.58621
    vertex -6.87425 -1.32086 5.17682
  endloop
endfacet
facet normal 0.152648 0.987079 0.0487248
  outer loop
    vertex 0 -7 3.58621
    vertex -2.10167 -6.67705 3.62802
    vertex -1.32086 -6.87425 5.17682
  endloop
endfacet
facet normal 0.991343 0.131297 -0
  outer loop
    vertex -7 0 42.6897
    vertex -7 0 44.5517
    vertex -6.75866 -1.82224 43.5999
  endloop
endfacet
facet normal 0.131298 0.991343 0
  outer loop
    vertex 0 -7 44.5517
    vertex 0 -7 42.6897
    vertex -1.82226 -6.75865 43.5999
  endloop
endfacet
facet normal 0.772061 0.635548 8.49602e-14
  outer loop
    vertex -4.94975 -4.94975 45.5034
    vertex -5.80864 -3.90637 46.2163
    vertex -4.94975 -4.94975 47.6907
  endloop
endfacet
facet normal 0.783398 0.620495 0.0356883
  outer loop
    vertex -5.80864 -3.90637 46.2163
    vertex -4.94975 -4.94975 45.5034
    vertex -6.08052 -3.46803 44.5633
  endloop
endfacet
facet normal 0.815216 0.575167 -0.0678678
  outer loop
    vertex -6.27847 -3.09529 47.4465
    vertex -4.94975 -4.94975 47.6907
    vertex -5.80864 -3.90637 46.2163
  endloop
endfacet
facet normal 0.635548 0.772061 -8.61216e-14
  outer loop
    vertex -3.90637 -5.80864 46.2163
    vertex -4.94975 -4.94975 45.5034
    vertex -4.94975 -4.94975 47.6907
  endloop
endfacet
facet normal 0.620495 0.783398 0.0356883
  outer loop
    vertex -4.94975 -4.94975 45.5034
    vertex -3.90637 -5.80864 46.2163
    vertex -3.46803 -6.08052 44.5633
  endloop
endfacet
facet normal 0.575167 0.815216 -0.0678678
  outer loop
    vertex -4.94975 -4.94975 47.6907
    vertex -3.09529 -6.27847 47.4465
    vertex -3.90637 -5.80864 46.2163
  endloop
endfacet
facet normal 0.780571 0.625067 -9.53921e-14
  outer loop
    vertex -5.91198 -3.74813 4.03731
    vertex -4.94975 -4.94975 4.53592
    vertex -4.94975 -4.94975 2.30409
  endloop
endfacet
facet normal 0.778389 0.627693 0.0105396
  outer loop
    vertex -4.94975 -4.94975 4.53592
    vertex -5.91198 -3.74813 4.03731
    vertex -5.81946 -3.89023 5.66707
  endloop
endfacet
facet normal 0.799684 0.599761 0.0281557
  outer loop
    vertex -4.94975 -4.94975 2.30409
    vertex -6.11985 -3.39815 2.48614
    vertex -5.91198 -3.74813 4.03731
  endloop
endfacet
facet normal 0.625067 0.780571 9.59219e-14
  outer loop
    vertex -4.94975 -4.94975 4.53592
    vertex -3.74813 -5.91198 4.03731
    vertex -4.94975 -4.94975 2.30409
  endloop
endfacet
facet normal 0.627693 0.778389 0.0105396
  outer loop
    vertex -3.74813 -5.91198 4.03731
    vertex -4.94975 -4.94975 4.53592
    vertex -3.89023 -5.81946 5.66707
  endloop
endfacet
facet normal 0.599761 0.799684 0.0281557
  outer loop
    vertex -3.39815 -6.11985 2.48614
    vertex -4.94975 -4.94975 2.30409
    vertex -3.74813 -5.91198 4.03731
  endloop
endfacet
facet normal 0.470228 0.882498 -0.00909962
  outer loop
    vertex -3.74813 -5.91198 4.03731
    vertex -3.89023 -5.81946 5.66707
    vertex -2.67169 -6.47009 5.53651
  endloop
endfacet
facet normal 0.281719 0.959291 -0.0198834
  outer loop
    vertex -1.32086 -6.87425 5.17682
    vertex -2.10167 -6.67705 3.62802
    vertex -2.67169 -6.47009 5.53651
  endloop
endfacet
facet normal 0.427263 0.903642 0.0296215
  outer loop
    vertex -2.10167 -6.67705 3.62802
    vertex -3.74813 -5.91198 4.03731
    vertex -2.67169 -6.47009 5.53651
  endloop
endfacet
facet normal 0.882498 0.470228 -0.00909962
  outer loop
    vertex -5.81946 -3.89023 5.66707
