solid Created by Gmsh
facet normal 0.97203 0.233364 -0.0264245
  outer loop
    vertex -21.4029 -5.09079 49.4362
    vertex -21.7291 -3.44156 52
    vertex -20.9232 -6.79837 52
  endloop
endfacet
facet normal 0.972033 0.233365 0.0263051
  outer loop
    vertex -21.7291 -3.44156 -2
    vertex -21.3858 -5.16211 0.576635
    vertex -20.9232 -6.79837 -2
  endloop
endfacet
facet normal 0.894494 0.446836 0.0147869
  outer loop
    vertex -18.8626 -11.3227 8.31674
    vertex -20.3432 -8.37586 8.83375
    vertex -20.033 -9.09283 11.7349
  endloop
endfacet
facet normal 0.446836 0.894494 0.0147869
  outer loop
    vertex -8.37586 -20.3432 8.83375
    vertex -11.3227 -18.8626 8.31674
    vertex -9.09283 -20.033 11.7349
  endloop
endfacet
facet normal 0.923682 0.382601 0.0207038
  outer loop
    vertex -20.2951 -8.49162 1.26817
    vertex -19.6021 -9.98779 -2
    vertex -20.9232 -6.79837 -2
  endloop
endfacet
facet normal 0.9515 0.306713 -0.0239604
  outer loop
    vertex -21.3858 -5.16211 0.576635
    vertex -20.2951 -8.49162 1.26817
    vertex -20.9232 -6.79837 -2
  endloop
endfacet
facet normal 0.382601 0.923682 0.0207038
  outer loop
    vertex -9.98779 -19.6021 -2
    vertex -8.49162 -20.2951 1.26817
    vertex -6.79837 -20.9232 -2
  endloop
endfacet
facet normal 0.306713 0.9515 -0.0239604
  outer loop
    vertex -8.49162 -20.2951 1.26817
    vertex -5.16211 -21.3858 0.576635
    vertex -6.79837 -20.9232 -2
  endloop
endfacet
facet normal 0.998307 0.0581637 0
  outer loop
    vertex -21.8511 -2.55487 3.00874
    vertex -22 0 1.6
    vertex -22 0 5.2
  endloop
endfacet
facet normal 0.997289 0.0735851 0
  outer loop
    vertex -22 0 48.4
    vertex -21.7618 -3.22897 47.0771
    vertex -22 0 44.8
  endloop
endfacet
facet normal 0.0581637 0.998307 -0
  outer loop
    vertex 0 -22 1.6
    vertex -2.55487 -21.8511 3.00874
    vertex 0 -22 5.2
  endloop
endfacet
facet normal 0.0735851 0.997289 0
  outer loop
    vertex -3.22897 -21.7618 47.0771
    vertex 0 -22 48.4
    vertex 0 -22 44.8
  endloop
endfacet
facet normal 0.233364 0.97203 -0.0264407
  outer loop
    vertex -3.44156 -21.7291 52
    vertex -5.09323 -21.4023 49.4376
    vertex -6.79837 -20.9232 52
  endloop
endfacet
facet normal 0.233365 0.972033 0.0263051
  outer loop
    vertex -5.16211 -21.3858 0.576635
    vertex -3.44156 -21.7291 -2
    vertex -6.79837 -20.9232 -2
  endloop
endfacet
facet normal 0.522304 0.852323 0.0272942
  outer loop
    vertex -11.2411 -18.9113 0.410626
    vertex -9.98779 -19.6021 -2
    vertex -12.9313 -17.7984 -2
  endloop
endfacet
facet normal 0.852323 0.522304 0.0272942
  outer loop
    vertex -19.6021 -9.98779 -2
    vertex -18.9113 -11.2411 0.410626
    vertex -17.7984 -12.9313 -2
  endloop
endfacet
facet normal 0.212319 0.977017 0.0189122
  outer loop
    vertex -3.22897 -21.7618 47.0771
    vertex -6.34971 -21.0637 46.0526
    vertex -5.09323 -21.4023 49.4376
  endloop
endfacet
facet normal 0.977054 0.212157 0.0188109
  outer loop
    vertex -21.0658 -6.3429 46.0487
    vertex -21.7618 -3.22897 47.0771
    vertex -21.4029 -5.09079 49.4362
  endloop
endfacet
facet normal 0.890678 0.454234 -0.0190881
  outer loop
    vertex -19.6021 -9.98779 -2
    vertex -20.2951 -8.49162 1.26817
    vertex -18.9113 -11.2411 0.410626
  endloop
endfacet
facet normal 0.454234 0.890678 -0.0190881
  outer loop
    vertex -8.49162 -20.2951 1.26817
    vertex -9.98779 -19.6021 -2
    vertex -11.2411 -18.9113 0.410626
  endloop
endfacet
facet normal 0.450893 0.892466 -0.0141451
  outer loop
    vertex -9.22925 -19.9705 5.1445
    vertex -11.3227 -18.8626 8.31674
    vertex -8.37586 -20.3432 8.83375
  endloop
endfacet
facet normal 0.892466 0.450893 -0.0141451
  outer loop
    vertex -18.8626 -11.3227 8.31674
    vertex -19.9705 -9.22925 5.1445
    vertex -20.3432 -8.37586 8.83375
  endloop
endfacet
facet normal 0.477646 0.878513 0.00838321
  outer loop
    vertex -9.22925 -19.9705 5.1445
    vertex -11.7434 -18.6036 5.14442
    vertex -11.3227 -18.8626 8.31674
  endloop
endfacet
facet normal 0.878513 0.477646 0.00838321
  outer loop
    vertex -18.6036 -11.7434 5.14442
    vertex -19.9705 -9.22925 5.1445
    vertex -18.8626 -11.3227 8.31674
  endloop
endfacet
facet normal 0.955746 0.292663 -0.0299574
  outer loop
    vertex -20.4282 -8.16633 17.0526
    vertex -20.8822 -6.92347 14.7106
    vertex -21.5712 -4.32258 18.1384
  endloop
endfacet
facet normal 0.292663 0.955746 -0.0299574
  outer loop
    vertex -6.92347 -20.8822 14.7106
    vertex -8.16633 -20.4282 17.0526
    vertex -4.32258 -21.5712 18.1384
  endloop
endfacet
facet normal 0.497929 0.866765 -0.0280386
  outer loop
    vertex -12.8261 -17.8743 12.1686
    vertex -9.09283 -20.033 11.7349
    vertex -11.3227 -18.8626 8.31674
  endloop
endfacet
facet normal 0.866765 0.497929 -0.0280386
  outer loop
    vertex -20.033 -9.09283 11.7349
    vertex -17.8743 -12.8261 12.1686
    vertex -18.8626 -11.3227 8.31674
  endloop
endfacet
facet normal 0.760944 0.648817 1.41269e-13
  outer loop
    vertex -15.5563 -15.5563 43.9788
    vertex -17.8198 -12.9017 46.1141
    vertex -15.5563 -15.5563 48.0323
  endloop
endfacet
facet normal 0.76558 0.643231 0.011858
  outer loop
    vertex -17.8198 -12.9017 46.1141
    vertex -15.5563 -15.5563 43.9788
    vertex -18.1197 -12.4771 42.4396
  endloop
endfacet
facet normal 0.649042 0.760752 -1.40776e-13
  outer loop
    vertex -12.9123 -17.8122 46.1588
    vertex -15.5563 -15.5563 43.9788
    vertex -15.5563 -15.5563 48.0323
  endloop
endfacet
facet normal 0.64287 0.765869 0.0127816
  outer loop
    vertex -15.5563 -15.5563 43.9788
    vertex -12.9123 -17.8122 46.1588
    vertex -12.4733 -18.1223 42.6617
  endloop
endfacet
facet normal 0.836397 0.548087 0.00631797
  outer loop
    vertex -17.5524 -13.2632 34.6083
    vertex -19.0471 -11.0095 36.9659
    vertex -17.8161 -12.9069 38.601
  endloop
endfacet
facet normal 0.763675 0.645561 -0.00718475
  outer loop
    vertex -15.7785 -15.331 37.3678
    vertex -17.5524 -13.2632 34.6083
    vertex -17.8161 -12.9069 38.601
  endloop
endfacet
facet normal 0.556751 0.830679 -0.00076278
  outer loop
    vertex -11.0095 -19.0471 36.9659
    vertex -13.4124 -17.4387 34.6591
    vertex -13.4516 -17.4084 38.9566
  endloop
endfacet
facet normal 0.665683 0.746234 0.000824538
  outer loop
    vertex -13.4124 -17.4387 34.6591
    vertex -15.7785 -15.331 37.3678
    vertex -13.4516 -17.4084 38.9566
  endloop
endfacet
facet normal 0.757531 0.652799 -1.44441e-13
  outer loop
    vertex -17.6835 -13.0879 2.63524
    vertex -15.5563 -15.5563 4.73335
    vertex -15.5563 -15.5563 0.734619
  endloop
endfacet
facet normal 0.652799 0.757531 1.43799e-13
  outer loop
    vertex -15.5563 -15.5563 4.73335
    vertex -13.0879 -17.6835 2.63524
    vertex -15.5563 -15.5563 0.734619
  endloop
endfacet
facet normal 0.333853 0.942454 0.0179779
  outer loop
    vertex -5.97453 -21.1732 7.75341
    vertex -9.22925 -19.9705 5.1445
    vertex -8.37586 -20.3432 8.83375
  endloop
endfacet
facet normal 0.942454 0.333853 0.0179779
  outer loop
    vertex -19.9705 -9.22925 5.1445
    vertex -21.1732 -5.97453 7.75341
    vertex -20.3432 -8.37586 8.83375
  endloop
endfacet
facet normal 0.57156 0.820513 -0.00880709
  outer loop
    vertex -13.5494 -17.3324 6.36305
    vertex -11.3227 -18.8626 8.31674
    vertex -11.7434 -18.6036 5.14442
  endloop
endfacet
facet normal 0.820513 0.57156 -0.00880709
  outer loop
    vertex -18.8626 -11.3227 8.31674
    vertex -17.3324 -13.5494 6.36305
    vertex -18.6036 -11.7434 5.14442
  endloop
endfacet
facet normal 0.340904 0.940074 0.00673185
  outer loop
    vertex -5.98447 -21.1704 42.4521
    vertex -8.91192 -20.1141 43.1931
    vertex -6.34971 -21.0637 46.0526
  endloop
endfacet
facet normal 0.335655 0.94184 -0.0165213
  outer loop
    vertex -8.91192 -20.1141 43.1931
    vertex -5.98447 -21.1704 42.4521
    vertex -7.22544 -20.7796 39.5172
  endloop
endfacet
facet normal 0.940296 0.340294 0.00656269
  outer loop
    vertex -20.1246 -8.88812 43.1788
    vertex -21.1704 -5.98447 42.4521
    vertex -21.0658 -6.3429 46.0487
  endloop
endfacet
facet normal 0.94201 0.335189 -0.0163016
  outer loop
    vertex -21.1704 -5.98447 42.4521
    vertex -20.1246 -8.88812 43.1788
    vertex -20.7796 -7.22544 39.5172
  endloop
endfacet
facet normal 0.349807 0.936741 0.0123073
  outer loop
    vertex -6.21456 -21.104 11.4453
    vertex -9.09283 -20.033 11.7349
    vertex -6.92347 -20.8822 14.7106
  endloop
endfacet
facet normal 0.936741 0.349807 0.0123073
  outer loop
    vertex -20.033 -9.09283 11.7349
    vertex -21.104 -6.21456 11.4453
    vertex -20.8822 -6.92347 14.7106
  endloop
endfacet
facet normal 0.748862 0.662726 -1.19198e-13
  outer loop
    vertex -15.5563 -15.5563 7.85777
    vertex -15.5563 -15.5563 4.73335
    vertex -17.3324 -13.5494 6.36305
  endloop
endfacet
facet normal 0.662726 0.748862 1.19198e-13
  outer loop
    vertex -15.5563 -15.5563 4.73335
    vertex -15.5563 -15.5563 7.85777
    vertex -13.5494 -17.3324 6.36305
  endloop
endfacet
facet normal 0.44473 0.895613 0.00962329
  outer loop
    vertex -10.8002 -19.1665 2.92059
    vertex -9.22925 -19.9705 5.1445
    vertex -8.49162 -20.2951 1.26817
  endloop
endfacet
facet normal 0.446408 0.894741 0.012563
  outer loop
    vertex -11.2411 -18.9113 0.410626
    vertex -10.8002 -19.1665 2.92059
    vertex -8.49162 -20.2951 1.26817
  endloop
endfacet
facet normal 0.47757 0.878371 -0.0198069
  outer loop
    vertex -9.22925 -19.9705 5.1445
    vertex -10.8002 -19.1665 2.92059
    vertex -11.7434 -18.6036 5.14442
  endloop
endfacet
facet normal 0.895613 0.44473 0.00962329
  outer loop
    vertex -19.9705 -9.22925 5.1445
    vertex -19.1665 -10.8002 2.92059
    vertex -20.2951 -8.49162 1.26817
  endloop
endfacet
facet normal 0.894741 0.446408 0.012563
  outer loop
    vertex -19.1665 -10.8002 2.92059
    vertex -18.9113 -11.2411 0.410626
    vertex -20.2951 -8.49162 1.26817
  endloop
endfacet
facet normal 0.878371 0.47757 -0.0198069
  outer loop
    vertex -19.1665 -10.8002 2.92059
    vertex -19.9705 -9.22925 5.1445
    vertex -18.6036 -11.7434 5.14442
  endloop
endfacet
facet normal 0.755233 0.654969 -0.0252912
  outer loop
    vertex -15.5563 -15.5563 10.6812
    vertex -17.1533 -13.7755 9.11274
    vertex -17.8743 -12.8261 12.1686
  endloop
endfacet
facet normal 0.821427 0.570275 -0.00662663
  outer loop
    vertex -18.8626 -11.3227 8.31674
    vertex -17.1533 -13.7755 9.11274
    vertex -17.3324 -13.5494 6.36305
  endloop
endfacet
facet normal 0.818146 0.574828 0.0144505
  outer loop
    vertex -17.1533 -13.7755 9.11274
    vertex -18.8626 -11.3227 8.31674
    vertex -17.8743 -12.8261 12.1686
  endloop
endfacet
facet normal 0.654969 0.755233 -0.0252912
  outer loop
    vertex -13.7755 -17.1533 9.11274
    vertex -15.5563 -15.5563 10.6812
    vertex -12.8261 -17.8743 12.1686
  endloop
endfacet
facet normal 0.570275 0.821427 -0.00662663
  outer loop
    vertex -13.7755 -17.1533 9.11274
    vertex -11.3227 -18.8626 8.31674
    vertex -13.5494 -17.3324 6.36305
  endloop
endfacet
facet normal 0.574828 0.818146 0.0144505
  outer loop
    vertex -11.3227 -18.8626 8.31674
    vertex -13.7755 -17.1533 9.11274
    vertex -12.8261 -17.8743 12.1686
  endloop
endfacet
facet normal 0.616785 0.787052 -0.0112249
  outer loop
    vertex -13.4516 -17.4084 38.9566
    vertex -14.4761 -16.5663 41.7114
    vertex -12.4733 -18.1223 42.6617
  endloop
endfacet
facet normal 0.62684 0.777683 -0.0477561
  outer loop
    vertex -14.4761 -16.5663 41.7114
    vertex -15.5563 -15.5563 43.9788
    vertex -12.4733 -18.1223 42.6617
  endloop
endfacet
facet normal 0.774664 0.632301 -0.00952776
  outer loop
    vertex -16.0151 -15.0837 40.5714
    vertex -17.8161 -12.9069 38.601
    vertex -18.1197 -12.4771 42.4396
  endloop
endfacet
facet normal 0.772352 0.634996 -0.0158937
  outer loop
    vertex -15.5563 -15.5563 43.9788
    vertex -16.0151 -15.0837 40.5714
    vertex -18.1197 -12.4771 42.4396
  endloop
endfacet
facet normal 0.183351 0.983011 -0.00847045
  outer loop
    vertex -5.62073 -21.2699 4.10366
    vertex -2.55487 -21.8511 3.00874
    vertex -5.16211 -21.3858 0.576635
  endloop
endfacet
facet normal 0.340857 0.94008 0.00814589
  outer loop
    vertex -5.62073 -21.2699 4.10366
    vertex -9.22925 -19.9705 5.1445
    vertex -5.97453 -21.1732 7.75341
  endloop
endfacet
facet normal 0.983011 0.183351 -0.00847045
  outer loop
    vertex -21.8511 -2.55487 3.00874
    vertex -21.2699 -5.62073 4.10366
    vertex -21.3858 -5.16211 0.576635
  endloop
endfacet
facet normal 0.94008 0.340857 0.00814589
  outer loop
    vertex -19.9705 -9.22925 5.1445
    vertex -21.2699 -5.62073 4.10366
    vertex -21.1732 -5.97453 7.75341
  endloop
endfacet
facet normal 0.9179 0.395522 0.0319643
  outer loop
    vertex -20.4282 -8.16633 17.0526
    vertex -19.4394 -10.3009 15.0717
    vertex -20.8822 -6.92347 14.7106
  endloop
endfacet
facet normal 0.920238 0.390726 -0.0222338
  outer loop
    vertex -19.4394 -10.3009 15.0717
    vertex -20.033 -9.09283 11.7349
    vertex -20.8822 -6.92347 14.7106
  endloop
endfacet
facet normal 0.395522 0.9179 0.0319643
  outer loop
    vertex -10.3009 -19.4394 15.0717
    vertex -8.16633 -20.4282 17.0526
    vertex -6.92347 -20.8822 14.7106
  endloop
endfacet
facet normal 0.390726 0.920238 -0.0222338
  outer loop
    vertex -9.09283 -20.033 11.7349
    vertex -10.3009 -19.4394 15.0717
    vertex -6.92347 -20.8822 14.7106
  endloop
endfacet
facet normal 0.967012 0.252624 -0.0326898
  outer loop
    vertex -21.2123 -5.8343 37.4693
    vertex -21.6856 -3.70615 39.9145
    vertex -20.7796 -7.22544 39.5172
  endloop
endfacet
facet normal 0.252624 0.967012 -0.0326898
  outer loop
    vertex -3.70615 -21.6856 39.9145
    vertex -5.8343 -21.2123 37.4693
    vertex -7.22544 -20.7796 39.5172
  endloop
endfacet
facet normal 0.918334 0.395511 0.0153246
  outer loop
    vertex -20.1246 -8.88812 43.1788
    vertex -19.5079 -10.1706 39.3208
    vertex -20.7796 -7.22544 39.5172
  endloop
endfacet
facet normal 0.395518 0.918332 0.0151993
  outer loop
    vertex -10.1706 -19.5079 39.3208
    vertex -8.91192 -20.1141 43.1931
    vertex -7.22544 -20.7796 39.5172
  endloop
endfacet
facet normal 0.0676433 0.99771 -0
  outer loop
    vertex 0 -22 5.2
    vertex -2.96949 -21.7987 6.38912
    vertex 0 -22 8.8
  endloop
endfacet
facet normal 0.0701074 0.997535 -0.0030496
  outer loop
    vertex -2.96949 -21.7987 6.38912
    vertex -3.13865 -21.775 10.2568
    vertex 0 -22 8.8
  endloop
endfacet
facet normal 0.99771 0.0676433 0
  outer loop
    vertex -21.7987 -2.96949 6.38912
    vertex -22 0 5.2
    vertex -22 0 8.8
  endloop
endfacet
facet normal 0.997535 0.0701074 -0.0030496
  outer loop
    vertex -21.775 -3.13865 10.2568
    vertex -21.7987 -2.96949 6.38912
    vertex -22 0 8.8
  endloop
endfacet
facet normal 0.320844 0.946963 0.0178875
  outer loop
    vertex -5.8343 -21.2123 37.4693
    vertex -8.42111 -20.3245 36.8686
    vertex -7.22544 -20.7796 39.5172
  endloop
endfacet
facet normal 0.325684 0.945464 -0.00517214
  outer loop
    vertex -8.42111 -20.3245 36.8686
    vertex -5.8343 -21.2123 37.4693
    vertex -6.06458 -21.1476 34.7933
  endloop
endfacet
facet normal 0.946963 0.320844 0.0178875
  outer loop
    vertex -20.3245 -8.42111 36.8686
    vertex -21.2123 -5.8343 37.4693
    vertex -20.7796 -7.22544 39.5172
  endloop
endfacet
facet normal 0.945464 0.325684 -0.00517214
  outer loop
    vertex -21.2123 -5.8343 37.4693
    vertex -20.3245 -8.42111 36.8686
    vertex -21.1476 -6.06458 34.7933
  endloop
endfacet
facet normal 0.996538 0.0784292 0.0275842
  outer loop
    vertex -21.8855 -2.24152 0.237076
    vertex -21.7291 -3.44156 -2
    vertex -22 0 -2
  endloop
endfacet
facet normal 0.998698 0.0510101 0
  outer loop
    vertex -22 0 1.6
    vertex -21.8855 -2.24152 0.237076
    vertex -22 0 -2
  endloop
endfacet
facet normal 0.0784292 0.996538 0.0275842
  outer loop
    vertex -3.44156 -21.7291 -2
    vertex -2.24152 -21.8855 0.237076
    vertex 0 -22 -2
  endloop
endfacet
facet normal 0.0510101 0.998698 0
  outer loop
    vertex -2.24152 -21.8855 0.237076
    vertex 0 -22 1.6
    vertex 0 -22 -2
  endloop
endfacet
facet normal 0.985454 0.169127 0.0166066
  outer loop
    vertex -21.8661 -2.42345 49.7592
    vertex -21.7291 -3.44156 52
    vertex -21.4029 -5.09079 49.4362
  endloop
endfacet
facet normal 0.984885 0.172678 -0.0135379
  outer loop
    vertex -21.7618 -3.22897 47.0771
    vertex -21.8661 -2.42345 49.7592
    vertex -21.4029 -5.09079 49.4362
  endloop
endfacet
facet normal 0.169189 0.985443 0.0166358
  outer loop
    vertex -3.44156 -21.7291 52
    vertex -2.42345 -21.8661 49.7592
    vertex -5.09323 -21.4023 49.4376
  endloop
endfacet
facet normal 0.172727 0.984876 -0.0135531
  outer loop
    vertex -2.42345 -21.8661 49.7592
    vertex -3.22897 -21.7618 47.0771
    vertex -5.09323 -21.4023 49.4376
  endloop
endfacet
facet normal 0.997346 0.0728044 -0.00111294
  outer loop
    vertex -21.7618 -3.22897 47.0771
    vertex -21.7697 -3.17508 43.4982
    vertex -22 0 44.8
  endloop
endfacet
facet normal 0.0728044 0.997346 -0.00111294
  outer loop
    vertex -3.17508 -21.7697 43.4982
    vertex -3.22897 -21.7618 47.0771
    vertex 0 -22 44.8
  endloop
endfacet
facet normal 0.942142 0.334872 -0.0151783
  outer loop
    vertex -20.2951 -8.49162 1.26817
    vertex -21.2699 -5.62073 4.10366
    vertex -19.9705 -9.22925 5.1445
  endloop
endfacet
facet normal 0.949684 0.313066 0.00949181
  outer loop
    vertex -20.2951 -8.49162 1.26817
    vertex -21.3858 -5.16211 0.576635
    vertex -21.2699 -5.62073 4.10366
  endloop
endfacet
facet normal 0.334872 0.942142 -0.0151783
  outer loop
    vertex -5.62073 -21.2699 4.10366
    vertex -8.49162 -20.2951 1.26817
    vertex -9.22925 -19.9705 5.1445
  endloop
endfacet
facet normal 0.313066 0.949684 0.00949181
  outer loop
    vertex -5.16211 -21.3858 0.576635
    vertex -8.49162 -20.2951 1.26817
    vertex -5.62073 -21.2699 4.10366
  endloop
endfacet
facet normal 0.690994 0.722824 0.00724366
  outer loop
    vertex -15.5563 -15.5563 43.9788
    vertex -14.4761 -16.5663 41.7114
    vertex -16.0151 -15.0837 40.5714
  endloop
endfacet
facet normal 0.657882 0.753048 0.0105257
  outer loop
    vertex -13.5494 -17.3324 6.36305
    vertex -13.0879 -17.6835 2.63524
    vertex -15.5563 -15.5563 4.73335
  endloop
endfacet
facet normal 0.572705 0.819737 -0.00629973
  outer loop
    vertex -11.7434 -18.6036 5.14442
    vertex -13.0879 -17.6835 2.63524
    vertex -13.5494 -17.3324 6.36305
  endloop
endfacet
facet normal 0.544845 0.838472 -0.0104524
  outer loop
    vertex -13.0879 -17.6835 2.63524
    vertex -10.8002 -19.1665 2.92059
    vertex -11.2411 -18.9113 0.410626
  endloop
endfacet
facet normal 0.542346 0.839975 0.0173888
  outer loop
    vertex -13.0879 -17.6835 2.63524
    vertex -11.7434 -18.6036 5.14442
    vertex -10.8002 -19.1665 2.92059
  endloop
endfacet
facet normal 0.753048 0.657882 0.0105257
  outer loop
    vertex -17.6835 -13.0879 2.63524
    vertex -17.3324 -13.5494 6.36305
    vertex -15.5563 -15.5563 4.73335
  endloop
endfacet
facet normal 0.819737 0.572705 -0.00629973
  outer loop
    vertex -17.6835 -13.0879 2.63524
    vertex -18.6036 -11.7434 5.14442
    vertex -17.3324 -13.5494 6.36305
  endloop
endfacet
facet normal 0.838472 0.544845 -0.0104524
  outer loop
    vertex -19.1665 -10.8002 2.92059
    vertex -17.6835 -13.0879 2.63524
    vertex -18.9113 -11.2411 0.410626
  endloop
endfacet
facet normal 0.839975 0.542346 0.0173888
  outer loop
    vertex -18.6036 -11.7434 5.14442
    vertex -17.6835 -13.0879 2.63524
    vertex -19.1665 -10.8002 2.92059
  endloop
endfacet
facet normal 0.896861 0.442099 -0.0137482
  outer loop
    vertex -19.7251 -9.74279 33.4711
    vertex -20.3245 -8.42111 36.8686
    vertex -19.0471 -11.0095 36.9659
  endloop
endfacet
facet normal 0.935682 0.351712 0.0282633
  outer loop
    vertex -19.7251 -9.74279 33.4711
    vertex -21.1476 -6.06458 34.7933
    vertex -20.3245 -8.42111 36.8686
  endloop
endfacet
facet normal 0.442099 0.896861 -0.0137689
  outer loop
    vertex -8.42111 -20.3245 36.8686
    vertex -9.77196 -19.7106 33.4799
    vertex -11.0095 -19.0471 36.9659
  endloop
endfacet
facet normal 0.352293 0.93544 0.0290194
  outer loop
    vertex -6.06458 -21.1476 34.7933
    vertex -9.77196 -19.7106 33.4799
    vertex -8.42111 -20.3245 36.8686
  endloop
endfacet
facet normal 0.443021 0.896339 0.0175908
  outer loop
    vertex -10.1706 -19.5079 39.3208
    vertex -8.42111 -20.3245 36.8686
    vertex -11.0095 -19.0471 36.9659
  endloop
endfacet
facet normal 0.397551 0.91732 -0.0218343
  outer loop
    vertex -10.1706 -19.5079 39.3208
    vertex -7.22544 -20.7796 39.5172
    vertex -8.42111 -20.3245 36.8686
  endloop
endfacet
facet normal 0.246602 0.968801 0.0247228
  outer loop
    vertex -7.22544 -20.7796 39.5172
    vertex -5.98447 -21.1704 42.4521
    vertex -3.70615 -21.6856 39.9145
  endloop
endfacet
facet normal 0.896339 0.443021 0.0175908
  outer loop
    vertex -20.3245 -8.42111 36.8686
    vertex -19.5079 -10.1706 39.3208
    vertex -19.0471 -11.0095 36.9659
  endloop
endfacet
facet normal 0.91732 0.397551 -0.0218343
  outer loop
    vertex -20.7796 -7.22544 39.5172
    vertex -19.5079 -10.1706 39.3208
    vertex -20.3245 -8.42111 36.8686
  endloop
endfacet
facet normal 0.968801 0.246602 0.0247228
  outer loop
    vertex -21.1704 -5.98447 42.4521
    vertex -20.7796 -7.22544 39.5172
    vertex -21.6856 -3.70615 39.9145
  endloop
endfacet
facet normal 0.667621 0.744501 8.69306e-14
  outer loop
    vertex -13.7755 -17.1533 9.11274
    vertex -15.5563 -15.5563 7.85777
    vertex -15.5563 -15.5563 10.6812
  endloop
endfacet
facet normal 0.665239 0.746606 0.00605701
  outer loop
    vertex -13.5494 -17.3324 6.36305
    vertex -15.5563 -15.5563 7.85777
    vertex -13.7755 -17.1533 9.11274
  endloop
endfacet
facet normal 0.744501 0.667621 -8.60157e-14
  outer loop
    vertex -15.5563 -15.5563 7.85777
    vertex -17.1533 -13.7755 9.11274
    vertex -15.5563 -15.5563 10.6812
  endloop
endfacet
facet normal 0.746606 0.665239 0.00605701
  outer loop
    vertex -15.5563 -15.5563 7.85777
    vertex -17.3324 -13.5494 6.36305
    vertex -17.1533 -13.7755 9.11274
  endloop
endfacet
facet normal 0.202817 0.97913 0.013003
  outer loop
    vertex -3.70615 -21.6856 39.9145
    vertex -2.91942 -21.8054 36.6683
    vertex -5.8343 -21.2123 37.4693
  endloop
endfacet
facet normal 0.97913 0.202817 0.013003
  outer loop
    vertex -21.8054 -2.91942 36.6683
    vertex -21.6856 -3.70615 39.9145
    vertex -21.2123 -5.8343 37.4693
  endloop
endfacet
facet normal 0.347438 0.937593 -0.0143856
  outer loop
    vertex -6.21456 -21.104 11.4453
    vertex -8.37586 -20.3432 8.83375
    vertex -9.09283 -20.033 11.7349
  endloop
endfacet
facet normal 0.328146 0.94462 0.00362789
  outer loop
    vertex -6.21456 -21.104 11.4453
    vertex -5.97453 -21.1732 7.75341
    vertex -8.37586 -20.3432 8.83375
  endloop
endfacet
facet normal 0.211429 0.977383 -0.00457481
  outer loop
    vertex -3.13865 -21.775 10.2568
    vertex -5.97453 -21.1732 7.75341
    vertex -6.21456 -21.104 11.4453
  endloop
endfacet
facet normal 0.937593 0.347438 -0.0143856
  outer loop
    vertex -20.3432 -8.37586 8.83375
    vertex -21.104 -6.21456 11.4453
    vertex -20.033 -9.09283 11.7349
  endloop
endfacet
facet normal 0.94462 0.328146 0.00362789
  outer loop
    vertex -21.1732 -5.97453 7.75341
    vertex -21.104 -6.21456 11.4453
    vertex -20.3432 -8.37586 8.83375
  endloop
endfacet
facet normal 0.977383 0.211429 -0.00457481
  outer loop
    vertex -21.1732 -5.97453 7.75341
    vertex -21.775 -3.13865 10.2568
    vertex -21.104 -6.21456 11.4453
  endloop
endfacet
facet normal 0.882977 0.468795 0.0241234
  outer loop
    vertex -18.2724 -12.2523 23.0065
    vertex -20.2594 -8.57654 24.3034
    vertex -18.9483 -11.1786 26.8813
  endloop
endfacet
facet normal 0.468831 0.88296 0.0240665
  outer loop
    vertex -8.57654 -20.2594 24.3034
    vertex -12.2531 -18.2719 23.0068
    vertex -11.183 -18.9457 26.8827
  endloop
endfacet
facet normal 0.949342 0.314181 0.00640212
  outer loop
    vertex -20.2594 -8.57654 24.3034
    vertex -21.4066 -5.07534 22.5927
    vertex -21.3455 -5.32631 25.8544
  endloop
endfacet
facet normal 0.314181 0.949342 0.00640212
  outer loop
    vertex -5.07534 -21.4066 22.5927
    vertex -8.57654 -20.2594 24.3034
    vertex -5.32631 -21.3455 25.8544
  endloop
endfacet
facet normal 0.30506 0.952227 -0.0141993
  outer loop
    vertex -5.07534 -21.4066 22.5927
    vertex -7.87861 -20.5409 20.4212
    vertex -8.57654 -20.2594 24.3034
  endloop
endfacet
facet normal 0.952227 0.30506 -0.0141993
  outer loop
    vertex -20.5409 -7.87861 20.4212
    vertex -21.4066 -5.07534 22.5927
    vertex -20.2594 -8.57654 24.3034
  endloop
endfacet
facet normal 0.0734068 0.997302 0
  outer loop
    vertex -3.22118 -21.7629 32.7367
    vertex 0 -22 34
    vertex 0 -22 30.4
  endloop
endfacet
facet normal 0.997302 0.0734068 0
  outer loop
    vertex -22 0 34
    vertex -21.7629 -3.22118 32.7367
    vertex -22 0 30.4
  endloop
endfacet
facet normal 0.0987226 0.995115 0
  outer loop
    vertex -4.32258 -21.5712 18.1384
    vertex 0 -22 19.6
    vertex 0 -22 16
  endloop
endfacet
facet normal 0.282961 0.959099 0.00791369
  outer loop
    vertex -8.16633 -20.4282 17.0526
    vertex -7.87861 -20.5409 20.4212
    vertex -4.32258 -21.5712 18.1384
  endloop
endfacet
facet normal 0.285899 0.958173 0.0129073
  outer loop
    vertex -5.07534 -21.4066 22.5927
    vertex -4.32258 -21.5712 18.1384
    vertex -7.87861 -20.5409 20.4212
  endloop
endfacet
facet normal 0.995115 0.0987226 0
  outer loop
    vertex -22 0 19.6
    vertex -21.5712 -4.32258 18.1384
    vertex -22 0 16
  endloop
endfacet
facet normal 0.959099 0.282961 0.00791369
  outer loop
    vertex -20.5409 -7.87861 20.4212
    vertex -20.4282 -8.16633 17.0526
    vertex -21.5712 -4.32258 18.1384
  endloop
endfacet
facet normal 0.958173 0.285899 0.0129073
  outer loop
    vertex -21.5712 -4.32258 18.1384
    vertex -21.4066 -5.07534 22.5927
    vertex -20.5409 -7.87861 20.4212
  endloop
endfacet
facet normal 0.0664976 0.997787 -0
  outer loop
    vertex 0 -22 34
    vertex -2.91942 -21.8054 36.6683
    vertex 0 -22 37.6
  endloop
endfacet
facet normal 0.0713323 0.997438 0.00531505
  outer loop
    vertex -2.91942 -21.8054 36.6683
    vertex 0 -22 34
    vertex -3.22118 -21.7629 32.7367
  endloop
endfacet
facet normal 0.201082 0.979554 0.00637437
  outer loop
    vertex -2.91942 -21.8054 36.6683
    vertex -6.06458 -21.1476 34.7933
    vertex -5.8343 -21.2123 37.4693
  endloop
endfacet
facet normal 0.20779 0.978159 -0.00536707
  outer loop
    vertex -3.22118 -21.7629 32.7367
    vertex -6.06458 -21.1476 34.7933
    vertex -2.91942 -21.8054 36.6683
  endloop
endfacet
facet normal 0.997787 0.0664976 0
  outer loop
    vertex -21.8054 -2.91942 36.6683
    vertex -22 0 34
    vertex -22 0 37.6
  endloop
endfacet
facet normal 0.997438 0.0713323 0.00531505
  outer loop
    vertex -22 0 34
    vertex -21.8054 -2.91942 36.6683
    vertex -21.7629 -3.22118 32.7367
  endloop
endfacet
facet normal 0.979554 0.201082 0.00637437
  outer loop
    vertex -21.1476 -6.06458 34.7933
    vertex -21.8054 -2.91942 36.6683
    vertex -21.2123 -5.8343 37.4693
  endloop
endfacet
facet normal 0.978159 0.20779 -0.00536707
  outer loop
    vertex -21.1476 -6.06458 34.7933
    vertex -21.7629 -3.22118 32.7367
    vertex -21.8054 -2.91942 36.6683
  endloop
endfacet
facet normal 0.649448 0.760406 3.51773e-13
  outer loop
    vertex -12.9313 -17.7984 -2
    vertex -15.5563 -15.5563 -2
    vertex -15.5563 -15.5563 0.734619
  endloop
endfacet
facet normal 0.551954 0.833872 -0.00201208
  outer loop
    vertex -12.9313 -17.7984 -2
    vertex -13.0879 -17.6835 2.63524
    vertex -11.2411 -18.9113 0.410626
  endloop
endfacet
facet normal 0.651376 0.758748 0.00321002
  outer loop
    vertex -15.5563 -15.5563 0.734619
    vertex -13.0879 -17.6835 2.63524
    vertex -12.9313 -17.7984 -2
  endloop
endfacet
facet normal 0.760406 0.649448 -3.50877e-13
  outer loop
    vertex -15.5563 -15.5563 -2
    vertex -17.7984 -12.9313 -2
    vertex -15.5563 -15.5563 0.734619
  endloop
endfacet
facet normal 0.833872 0.551954 -0.00201208
  outer loop
    vertex -17.6835 -13.0879 2.63524
    vertex -17.7984 -12.9313 -2
    vertex -18.9113 -11.2411 0.410626
  endloop
endfacet
facet normal 0.758748 0.651376 0.00321002
  outer loop
    vertex -17.6835 -13.0879 2.63524
    vertex -15.5563 -15.5563 0.734619
    vertex -17.7984 -12.9313 -2
  endloop
endfacet
facet normal 0.996599 0.078434 -0.0252807
  outer loop
    vertex -21.7291 -3.44156 52
    vertex -21.8661 -2.42345 49.7592
    vertex -22 0 52
  endloop
endfacet
facet normal 0.997651 0.0658046 0.0190564
  outer loop
    vertex -22 0 48.4
    vertex -21.8661 -2.42345 49.7592
    vertex -21.7618 -3.22897 47.0771
  endloop
endfacet
facet normal 0.998477 0.0551625 0
  outer loop
    vertex -21.8661 -2.42345 49.7592
    vertex -22 0 48.4
    vertex -22 0 52
  endloop
endfacet
facet normal 0.078434 0.996599 -0.0252807
  outer loop
    vertex -2.42345 -21.8661 49.7592
    vertex -3.44156 -21.7291 52
    vertex 0 -22 52
  endloop
endfacet
facet normal 0.0658046 0.997651 0.0190564
  outer loop
    vertex -2.42345 -21.8661 49.7592
    vertex 0 -22 48.4
    vertex -3.22897 -21.7618 47.0771
  endloop
endfacet
facet normal 0.0551625 0.998477 -0
  outer loop
    vertex 0 -22 48.4
    vertex -2.42345 -21.8661 49.7592
    vertex 0 -22 52
  endloop
endfacet
facet normal 0.502836 0.863916 0.0283753
  outer loop
    vertex -10.3009 -19.4394 15.0717
    vertex -9.09283 -20.033 11.7349
    vertex -12.8261 -17.8743 12.1686
  endloop
endfacet
facet normal 0.647204 0.762317 1.08478e-13
  outer loop
    vertex -15.5563 -15.5563 14.0848
    vertex -12.8261 -17.8743 12.1686
    vertex -15.5563 -15.5563 10.6812
  endloop
endfacet
facet normal 0.863916 0.502836 0.0283753
  outer loop
    vertex -20.033 -9.09283 11.7349
    vertex -19.4394 -10.3009 15.0717
    vertex -17.8743 -12.8261 12.1686
  endloop
endfacet
facet normal 0.762317 0.647204 -1.07763e-13
  outer loop
    vertex -17.8743 -12.8261 12.1686
    vertex -15.5563 -15.5563 14.0848
    vertex -15.5563 -15.5563 10.6812
  endloop
endfacet
facet normal 0.976001 0.217765 0.00111692
  outer loop
    vertex -21.0658 -6.3429 46.0487
    vertex -21.7697 -3.17508 43.4982
    vertex -21.7618 -3.22897 47.0771
  endloop
endfacet
facet normal 0.977407 0.211238 -0.00737822
  outer loop
    vertex -21.7697 -3.17508 43.4982
    vertex -21.0658 -6.3429 46.0487
    vertex -21.1704 -5.98447 42.4521
  endloop
endfacet
facet normal 0.217924 0.975965 0.0011194
  outer loop
    vertex -3.17508 -21.7697 43.4982
    vertex -6.34971 -21.0637 46.0526
    vertex -3.22897 -21.7618 47.0771
  endloop
endfacet
facet normal 0.211289 0.977395 -0.00752212
  outer loop
    vertex -6.34971 -21.0637 46.0526
    vertex -3.17508 -21.7697 43.4982
    vertex -5.98447 -21.1704 42.4521
  endloop
endfacet
facet normal 0.985863 0.166318 -0.0203082
  outer loop
    vertex -21.7291 -3.44156 -2
    vertex -21.8855 -2.24152 0.237076
    vertex -21.3858 -5.16211 0.576635
  endloop
endfacet
facet normal 0.985518 0.169427 0.00693582
  outer loop
    vertex -21.8855 -2.24152 0.237076
    vertex -21.8511 -2.55487 3.00874
    vertex -21.3858 -5.16211 0.576635
  endloop
endfacet
facet normal 0.99848 0.0547617 -0.00618826
  outer loop
    vertex -21.8511 -2.55487 3.00874
    vertex -21.8855 -2.24152 0.237076
    vertex -22 0 1.6
  endloop
endfacet
facet normal 0.166318 0.985863 -0.0203082
  outer loop
    vertex -2.24152 -21.8855 0.237076
    vertex -3.44156 -21.7291 -2
    vertex -5.16211 -21.3858 0.576635
  endloop
endfacet
facet normal 0.169427 0.985518 0.00693582
  outer loop
    vertex -2.55487 -21.8511 3.00874
    vertex -2.24152 -21.8855 0.237076
    vertex -5.16211 -21.3858 0.576635
  endloop
endfacet
facet normal 0.0547617 0.99848 -0.00618826
  outer loop
    vertex -2.24152 -21.8855 0.237076
    vertex -2.55487 -21.8511 3.00874
    vertex 0 -22 1.6
  endloop
endfacet
facet normal 0.978745 0.20506 0.00296795
  outer loop
    vertex -21.7987 -2.96949 6.38912
    vertex -21.775 -3.13865 10.2568
    vertex -21.1732 -5.97453 7.75341
  endloop
endfacet
facet normal 0.997881 0.0646261 -0.00756365
  outer loop
    vertex -21.7987 -2.96949 6.38912
    vertex -21.8511 -2.55487 3.00874
    vertex -22 0 5.2
  endloop
endfacet
facet normal 0.981943 0.189009 0.00793976
  outer loop
    vertex -21.7987 -2.96949 6.38912
    vertex -21.2699 -5.62073 4.10366
    vertex -21.8511 -2.55487 3.00874
  endloop
endfacet
facet normal 0.97958 0.200952 -0.00646236
  outer loop
    vertex -21.1732 -5.97453 7.75341
    vertex -21.2699 -5.62073 4.10366
    vertex -21.7987 -2.96949 6.38912
  endloop
endfacet
facet normal 0.20506 0.978745 0.00296795
  outer loop
    vertex -3.13865 -21.775 10.2568
    vertex -2.96949 -21.7987 6.38912
    vertex -5.97453 -21.1732 7.75341
  endloop
endfacet
facet normal 0.0646261 0.997881 -0.00756365
  outer loop
    vertex -2.55487 -21.8511 3.00874
    vertex -2.96949 -21.7987 6.38912
    vertex 0 -22 5.2
  endloop
endfacet
facet normal 0.189009 0.981943 0.00793976
  outer loop
    vertex -5.62073 -21.2699 4.10366
    vertex -2.96949 -21.7987 6.38912
    vertex -2.55487 -21.8511 3.00874
  endloop
endfacet
facet normal 0.200952 0.97958 -0.00646236
  outer loop
    vertex -5.62073 -21.2699 4.10366
    vertex -5.97453 -21.1732 7.75341
    vertex -2.96949 -21.7987 6.38912
  endloop
endfacet
facet normal 0.870626 0.491352 -0.0241603
  outer loop
    vertex -19.5079 -10.1706 39.3208
    vertex -20.1246 -8.88812 43.1788
    vertex -18.1197 -12.4771 42.4396
  endloop
endfacet
facet normal 0.851534 0.524227 0.00865131
  outer loop
    vertex -17.8161 -12.9069 38.601
    vertex -19.5079 -10.1706 39.3208
    vertex -18.1197 -12.4771 42.4396
  endloop
endfacet
facet normal 0.847611 0.530121 -0.0229745
  outer loop
    vertex -19.5079 -10.1706 39.3208
    vertex -17.8161 -12.9069 38.601
    vertex -19.0471 -11.0095 36.9659
  endloop
endfacet
facet normal 0.490626 0.871064 -0.0231136
  outer loop
    vertex -8.91192 -20.1141 43.1931
    vertex -10.1706 -19.5079 39.3208
    vertex -12.4733 -18.1223 42.6617
  endloop
endfacet
facet normal 0.537247 0.843173 0.0205881
  outer loop
    vertex -10.1706 -19.5079 39.3208
    vertex -13.4516 -17.4084 38.9566
    vertex -12.4733 -18.1223 42.6617
  endloop
endfacet
facet normal 0.54099 0.840555 -0.0282275
  outer loop
    vertex -13.4516 -17.4084 38.9566
    vertex -10.1706 -19.5079 39.3208
    vertex -11.0095 -19.0471 36.9659
  endloop
endfacet
facet normal 0.071516 0.997439 0
  outer loop
    vertex -3.13865 -21.775 10.2568
    vertex 0 -22 12.4
    vertex 0 -22 8.8
  endloop
endfacet
facet normal 0.997439 0.071516 0
  outer loop
    vertex -22 0 12.4
    vertex -21.775 -3.13865 10.2568
    vertex -22 0 8.8
  endloop
endfacet
facet normal 0.996421 0.0845332 0
  outer loop
    vertex -21.6856 -3.70615 39.9145
    vertex -22 0 37.6
    vertex -22 0 41.2
  endloop
endfacet
facet normal 0.997176 0.0725918 -0.0192237
  outer loop
    vertex -21.8054 -2.91942 36.6683
    vertex -22 0 37.6
    vertex -21.6856 -3.70615 39.9145
  endloop
endfacet
facet normal 0.0845332 0.996421 -0
  outer loop
    vertex 0 -22 37.6
    vertex -3.70615 -21.6856 39.9145
    vertex 0 -22 41.2
  endloop
endfacet
facet normal 0.0725918 0.997176 -0.0192237
  outer loop
    vertex 0 -22 37.6
    vertex -2.91942 -21.8054 36.6683
    vertex -3.70615 -21.6856 39.9145
  endloop
endfacet
facet normal 0.0652608 0.997868 -0
  outer loop
    vertex 0 -22 23.2
    vertex -2.86535 -21.8126 24.8762
    vertex 0 -22 26.8
  endloop
endfacet
facet normal 0.184874 0.982753 -0.00417284
  outer loop
    vertex -5.32631 -21.3455 25.8544
    vertex -2.86535 -21.8126 24.8762
    vertex -5.07534 -21.4066 22.5927
  endloop
endfacet
facet normal 0.997868 0.0652608 0
  outer loop
    vertex -21.8126 -2.86535 24.8762
    vertex -22 0 23.2
    vertex -22 0 26.8
  endloop
endfacet
facet normal 0.982753 0.184874 -0.00417284
  outer loop
    vertex -21.8126 -2.86535 24.8762
    vertex -21.3455 -5.32631 25.8544
    vertex -21.4066 -5.07534 22.5927
  endloop
endfacet
facet normal 0.582072 0.81286 0.0212389
  outer loop
    vertex -11.183 -18.9457 26.8827
    vertex -14.0452 -16.9332 28.2993
    vertex -12.3937 -18.1768 30.6348
  endloop
endfacet
facet normal 0.633078 0.773255 -0.0359143
  outer loop
    vertex -14.0452 -16.9332 28.2993
    vertex -15.5563 -15.5563 31.3054
    vertex -12.3937 -18.1768 30.6348
  endloop
endfacet
facet normal 0.804153 0.593825 0.0266485
  outer loop
    vertex -16.4354 -14.6246 27.8388
    vertex -18.9483 -11.1786 26.8813
    vertex -18.1969 -12.3642 30.6252
  endloop
endfacet
facet normal 0.772962 0.633935 -0.025609
  outer loop
    vertex -15.5563 -15.5563 31.3054
    vertex -16.4354 -14.6246 27.8388
    vertex -18.1969 -12.3642 30.6252
  endloop
endfacet
facet normal 0.761002 0.648749 -0.000161588
  outer loop
    vertex -17.8198 -12.9017 46.1141
    vertex -17.824 -12.8959 49.6308
    vertex -15.5563 -15.5563 48.0323
  endloop
endfacet
facet normal 0.648911 0.760864 -0.000319364
  outer loop
    vertex -12.9009 -17.8204 49.6342
    vertex -12.9123 -17.8122 46.1588
    vertex -15.5563 -15.5563 48.0323
  endloop
endfacet
facet normal 0.870488 0.491823 -0.0189678
  outer loop
    vertex -18.9483 -11.1786 26.8813
    vertex -19.9442 -9.28593 30.2528
    vertex -18.1969 -12.3642 30.6252
  endloop
endfacet
facet normal 0.492792 0.869934 -0.0192667
  outer loop
    vertex -9.30004 -19.9376 30.257
    vertex -11.183 -18.9457 26.8827
    vertex -12.3937 -18.1768 30.6348
  endloop
endfacet
facet normal 0.255438 0.966081 -0.0379244
  outer loop
    vertex -5.32631 -21.3455 25.8544
    vertex -7.41745 -20.7119 27.9107
    vertex -3.47402 -21.724 28.6891
  endloop
endfacet
facet normal 0.966106 0.255354 -0.0378656
  outer loop
    vertex -20.7133 -7.4135 27.9095
    vertex -21.3455 -5.32631 25.8544
    vertex -21.724 -3.47402 28.6891
  endloop
endfacet
facet normal 0.427247 0.904113 -0.00624895
  outer loop
    vertex -10.6972 -19.2242 18.2111
    vertex -7.87861 -20.5409 20.4212
    vertex -8.16633 -20.4282 17.0526
  endloop
endfacet
facet normal 0.904113 0.427247 -0.00624895
  outer loop
    vertex -20.5409 -7.87861 20.4212
    vertex -19.2242 -10.6972 18.2111
    vertex -20.4282 -8.16633 17.0526
  endloop
endfacet
facet normal 0.225576 0.974214 -0.00472172
  outer loop
    vertex -6.59038 -20.9897 31.3111
    vertex -3.22118 -21.7629 32.7367
    vertex -3.47402 -21.724 28.6891
  endloop
endfacet
facet normal 0.219185 0.97562 0.0111467
  outer loop
    vertex -3.22118 -21.7629 32.7367
    vertex -6.59038 -20.9897 31.3111
    vertex -6.06458 -21.1476 34.7933
  endloop
endfacet
facet normal 0.974258 0.225386 -0.00470943
  outer loop
    vertex -21.7629 -3.22118 32.7367
    vertex -20.9923 -6.58207 31.3088
    vertex -21.724 -3.47402 28.6891
  endloop
endfacet
facet normal 0.975652 0.219052 0.0109529
  outer loop
    vertex -20.9923 -6.58207 31.3088
    vertex -21.7629 -3.22118 32.7367
    vertex -21.1476 -6.06458 34.7933
  endloop
endfacet
facet normal 0.0560882 0.998426 -0
  outer loop
    vertex 0 -22 19.6
    vertex -2.46399 -21.8616 21.6815
    vertex 0 -22 23.2
  endloop
endfacet
facet normal 0.168991 0.985586 -0.00786279
  outer loop
    vertex -5.07534 -21.4066 22.5927
    vertex -2.46399 -21.8616 21.6815
    vertex -4.32258 -21.5712 18.1384
  endloop
endfacet
facet normal 0.0865235 0.995591 0.0362174
  outer loop
    vertex -2.46399 -21.8616 21.6815
    vertex 0 -22 19.6
    vertex -4.32258 -21.5712 18.1384
  endloop
endfacet
facet normal 0.998426 0.0560882 0
  outer loop
    vertex -21.8616 -2.46399 21.6815
    vertex -22 0 19.6
    vertex -22 0 23.2
  endloop
endfacet
facet normal 0.985586 0.168991 -0.00786279
  outer loop
    vertex -21.8616 -2.46399 21.6815
    vertex -21.4066 -5.07534 22.5927
    vertex -21.5712 -4.32258 18.1384
  endloop
endfacet
