solid Created by Gmsh
facet normal 0.376967 0.910079 -0.172197
  outer loop
    vertex -0.382683 -0.92388 49.5645
    vertex -0.707107 -0.707107 50
    vertex 0 -1 50
  endloop
endfacet
facet normal 0.355575 0.918657 0.172151
  outer loop
    vertex -0.382683 -0.92388 49.5645
    vertex 0 -1 49.1803
    vertex -0.707107 -0.707107 49.0779
  endloop
endfacet
facet normal 0.19509 0.980785 -0
  outer loop
    vertex 0 -1 49.1803
    vertex -0.382683 -0.92388 49.5645
    vertex 0 -1 50
  endloop
endfacet
facet normal 0.55557 0.83147 -3.01017e-13
  outer loop
    vertex -0.707107 -0.707107 50
    vertex -0.382683 -0.92388 49.5645
    vertex -0.707107 -0.707107 49.0779
  endloop
endfacet
facet normal 0.910079 0.376967 -0.172197
  outer loop
    vertex -0.707107 -0.707107 50
    vertex -0.92388 -0.382683 49.5645
    vertex -1 0 50
  endloop
endfacet
facet normal 0.918657 0.355575 0.172151
  outer loop
    vertex -1 0 49.1803
    vertex -0.92388 -0.382683 49.5645
    vertex -0.707107 -0.707107 49.0779
  endloop
endfacet
facet normal 0.980785 0.19509 0
  outer loop
    vertex -0.92388 -0.382683 49.5645
    vertex -1 0 49.1803
    vertex -1 0 50
  endloop
endfacet
facet normal 0.83147 0.55557 3.01163e-13
  outer loop
    vertex -0.92388 -0.382683 49.5645
    vertex -0.707107 -0.707107 50
    vertex -0.707107 -0.707107 49.0779
  endloop
endfacet
facet normal 0.92388 0.382683 0
  outer loop
    vertex -1 0 31.9672
    vertex -0.707107 -0.707107 31.1883
    vertex -1 0 31.1475
  endloop
endfacet
facet normal 0.905317 0.422537 -0.0431617
  outer loop
    vertex -1 0 31.9672
    vertex -0.629103 -0.777322 32.1371
    vertex -0.707107 -0.707107 31.1883
  endloop
endfacet
facet normal 0.382683 0.92388 -0
  outer loop
    vertex 0 -1 31.1475
    vertex -0.707107 -0.707107 31.1883
    vertex 0 -1 31.9672
  endloop
endfacet
facet normal 0.343265 0.938334 0.0412219
  outer loop
    vertex -0.629103 -0.777322 32.1371
    vertex 0 -1 31.9672
    vertex -0.707107 -0.707107 31.1883
  endloop
endfacet
facet normal 0.92388 0.382683 0
  outer loop
    vertex -0.707107 -0.707107 13.6595
    vertex -1 0 13.1148
    vertex -1 0 13.9344
  endloop
endfacet
facet normal 0.92388 0.382683 -0
  outer loop
    vertex -0.707107 -0.707107 13.1046
    vertex -1 0 13.1148
    vertex -0.707107 -0.707107 13.6595
  endloop
endfacet
facet normal 0.382683 0.92388 0
  outer loop
    vertex -0.707107 -0.707107 13.6595
    vertex 0 -1 13.9344
    vertex 0 -1 13.1148
  endloop
endfacet
facet normal 0.382683 0.92388 0
  outer loop
    vertex 0 -1 13.1148
    vertex -0.707107 -0.707107 13.1046
    vertex -0.707107 -0.707107 13.6595
  endloop
endfacet
facet normal 0.92388 0.382683 0
  outer loop
    vertex -1 0 7.37705
    vertex -0.707107 -0.707107 7.10383
    vertex -1 0 6.55738
  endloop
endfacet
facet normal 0.382683 0.92388 -0
  outer loop
    vertex 0 -1 6.55738
    vertex -0.707107 -0.707107 7.10383
    vertex 0 -1 7.37705
  endloop
endfacet
facet normal 0.382683 0.92388 0
  outer loop
    vertex 0 -1 6.55738
    vertex -0.707107 -0.707107 6.55738
    vertex -0.707107 -0.707107 7.10383
  endloop
endfacet
facet normal 0.92388 0.382683 -0
  outer loop
    vertex -0.707107 -0.707107 6.55738
    vertex -1 0 6.55738
    vertex -0.707107 -0.707107 7.10383
  endloop
endfacet
facet normal 0.92388 0.382683 0
  outer loop
    vertex -0.707107 -0.707107 4.80279
    vertex -1 0 4.09836
    vertex -1 0 4.91803
  endloop
endfacet
facet normal 0.92388 0.382683 -4.39874e-16
  outer loop
    vertex -0.707107 -0.707107 4.11981
    vertex -1 0 4.09836
    vertex -0.707107 -0.707107 4.80279
  endloop
endfacet
facet normal 0.382683 0.92388 0
  outer loop
    vertex -0.707107 -0.707107 4.80279
    vertex 0 -1 4.91803
    vertex 0 -1 4.09836
  endloop
endfacet
facet normal 0.382683 0.92388 4.77877e-16
  outer loop
    vertex 0 -1 4.09836
    vertex -0.707107 -0.707107 4.11981
    vertex -0.707107 -0.707107 4.80279
  endloop
endfacet
facet normal 0.92388 0.382683 0
  outer loop
    vertex -0.707107 -0.707107 46.4481
    vertex -1 0 45.9016
    vertex -1 0 46.7213
  endloop
endfacet
facet normal 0.92388 0.382683 -0
  outer loop
    vertex -0.707107 -0.707107 45.8234
    vertex -1 0 45.9016
    vertex -0.707107 -0.707107 46.4481
  endloop
endfacet
facet normal 0.382683 0.92388 0
  outer loop
    vertex -0.707107 -0.707107 46.4481
    vertex 0 -1 46.7213
    vertex 0 -1 45.9016
  endloop
endfacet
facet normal 0.382683 0.92388 0
  outer loop
    vertex 0 -1 45.9016
    vertex -0.707107 -0.707107 45.8234
    vertex -0.707107 -0.707107 46.4481
  endloop
endfacet
facet normal 0.92388 0.382683 0
  outer loop
    vertex -0.707107 -0.707107 27.0492
    vertex -1 0 26.2295
    vertex -1 0 27.0492
  endloop
endfacet
facet normal 0.92388 0.382683 -0
  outer loop
    vertex -0.707107 -0.707107 26.2295
    vertex -1 0 26.2295
    vertex -0.707107 -0.707107 27.0492
  endloop
endfacet
facet normal 0.382683 0.92388 0
  outer loop
    vertex -0.707107 -0.707107 27.0492
    vertex 0 -1 27.0492
    vertex 0 -1 26.2295
  endloop
endfacet
facet normal 0.382683 0.92388 0
  outer loop
    vertex 0 -1 26.2295
    vertex -0.707107 -0.707107 26.2295
    vertex -0.707107 -0.707107 27.0492
  endloop
endfacet
facet normal 0.92388 0.382683 0
  outer loop
    vertex -0.707107 -0.707107 14.7197
    vertex -1 0 13.9344
    vertex -1 0 14.7541
  endloop
endfacet
facet normal 0.92388 0.382683 -0
  outer loop
    vertex -0.707107 -0.707107 13.6595
    vertex -1 0 13.9344
    vertex -0.707107 -0.707107 14.7197
  endloop
endfacet
facet normal 0.382683 0.92388 0
  outer loop
    vertex -0.707107 -0.707107 14.7197
    vertex 0 -1 14.7541
    vertex 0 -1 13.9344
  endloop
endfacet
facet normal 0.382683 0.92388 0
  outer loop
    vertex 0 -1 13.9344
    vertex -0.707107 -0.707107 13.6595
    vertex -0.707107 -0.707107 14.7197
  endloop
endfacet
facet normal 0.92388 0.382683 0
  outer loop
    vertex -1 0 8.19672
    vertex -0.707107 -0.707107 8.16257
    vertex -1 0 7.37705
  endloop
endfacet
facet normal 0.382683 0.92388 -0
  outer loop
    vertex 0 -1 7.37705
    vertex -0.707107 -0.707107 8.16257
    vertex 0 -1 8.19672
  endloop
endfacet
facet normal 0.382683 0.92388 0
  outer loop
    vertex 0 -1 7.37705
    vertex -0.707107 -0.707107 7.10383
    vertex -0.707107 -0.707107 8.16257
  endloop
endfacet
facet normal 0.92388 0.382683 -0
  outer loop
    vertex -0.707107 -0.707107 7.10383
    vertex -1 0 7.37705
    vertex -0.707107 -0.707107 8.16257
  endloop
endfacet
facet normal 0.92388 0.382683 0
  outer loop
    vertex -0.707107 -0.707107 25.4098
    vertex -1 0 24.5902
    vertex -1 0 25.4098
  endloop
endfacet
facet normal 0.92388 0.382683 -0
  outer loop
    vertex -0.707107 -0.707107 24.5899
    vertex -1 0 24.5902
    vertex -0.707107 -0.707107 25.4098
  endloop
endfacet
facet normal 0.382683 0.92388 0
  outer loop
    vertex -0.707107 -0.707107 25.4098
    vertex 0 -1 25.4098
    vertex 0 -1 24.5902
  endloop
endfacet
facet normal 0.382683 0.92388 0
  outer loop
    vertex 0 -1 24.5902
    vertex -0.707107 -0.707107 24.5899
    vertex -0.707107 -0.707107 25.4098
  endloop
endfacet
facet normal 0.92388 0.382683 0
  outer loop
    vertex -0.707107 -0.707107 16.4333
    vertex -1 0 16.3934
    vertex -1 0 17.2131
  endloop
endfacet
facet normal 0.382683 0.92388 0
  outer loop
    vertex -0.707107 -0.707107 16.4333
    vertex 0 -1 17.2131
    vertex 0 -1 16.3934
  endloop
endfacet
facet normal 0.382683 0.92388 0
  outer loop
    vertex -0.707107 -0.707107 17.1719
    vertex 0 -1 17.2131
    vertex -0.707107 -0.707107 16.4333
  endloop
endfacet
facet normal 0.92388 0.382683 0
  outer loop
    vertex -1 0 17.2131
    vertex -0.707107 -0.707107 17.1719
    vertex -0.707107 -0.707107 16.4333
  endloop
endfacet
facet normal 0.92388 0.382683 0
  outer loop
    vertex -0.707107 -0.707107 12.2543
    vertex -1 0 11.4754
    vertex -1 0 12.2951
  endloop
endfacet
facet normal 0.92388 0.382683 -0
  outer loop
    vertex -0.707107 -0.707107 11.5184
    vertex -1 0 11.4754
    vertex -0.707107 -0.707107 12.2543
  endloop
endfacet
facet normal 0.382683 0.92388 0
  outer loop
    vertex -0.707107 -0.707107 12.2543
    vertex 0 -1 12.2951
    vertex 0 -1 11.4754
  endloop
endfacet
facet normal 0.382683 0.92388 0
  outer loop
    vertex 0 -1 11.4754
    vertex -0.707107 -0.707107 11.5184
    vertex -0.707107 -0.707107 12.2543
  endloop
endfacet
facet normal 0.92388 0.382683 0
  outer loop
    vertex -0.707107 -0.707107 5.82064
    vertex -1 0 5.7377
    vertex -1 0 6.55738
  endloop
endfacet
facet normal 0.382683 0.92388 0
  outer loop
    vertex -0.707107 -0.707107 5.82064
    vertex 0 -1 6.55738
    vertex 0 -1 5.7377
  endloop
endfacet
facet normal 0.382683 0.92388 0
  outer loop
    vertex -0.707107 -0.707107 6.55738
    vertex 0 -1 6.55738
    vertex -0.707107 -0.707107 5.82064
  endloop
endfacet
facet normal 0.92388 0.382683 0
  outer loop
    vertex -1 0 6.55738
    vertex -0.707107 -0.707107 6.55738
    vertex -0.707107 -0.707107 5.82064
  endloop
endfacet
facet normal 0.92388 0.382683 0
  outer loop
    vertex -1 0 45.082
    vertex -0.707107 -0.707107 45.0421
    vertex -1 0 44.2623
  endloop
endfacet
facet normal 0.382683 0.92388 -0
  outer loop
    vertex 0 -1 44.2623
    vertex -0.707107 -0.707107 45.0421
    vertex 0 -1 45.082
  endloop
endfacet
facet normal 0.382683 0.92388 0
  outer loop
    vertex 0 -1 44.2623
    vertex -0.707107 -0.707107 44.252
    vertex -0.707107 -0.707107 45.0421
  endloop
endfacet
facet normal 0.92388 0.382683 -0
  outer loop
    vertex -0.707107 -0.707107 44.252
    vertex -1 0 44.2623
    vertex -0.707107 -0.707107 45.0421
  endloop
endfacet
facet normal 0.92388 0.382683 0
  outer loop
    vertex -1 0 23.7705
    vertex -0.707107 -0.707107 23.7694
    vertex -1 0 22.9508
  endloop
endfacet
facet normal 0.382683 0.92388 -0
  outer loop
    vertex 0 -1 22.9508
    vertex -0.707107 -0.707107 23.7694
    vertex 0 -1 23.7705
  endloop
endfacet
facet normal 0.382683 0.92388 0
  outer loop
    vertex 0 -1 22.9508
    vertex -0.707107 -0.707107 22.9423
    vertex -0.707107 -0.707107 23.7694
  endloop
endfacet
facet normal 0.92388 0.382683 -0
  outer loop
    vertex -0.707107 -0.707107 22.9423
    vertex -1 0 22.9508
    vertex -0.707107 -0.707107 23.7694
  endloop
endfacet
facet normal 0.92388 0.382683 0
  outer loop
    vertex -0.707107 -0.707107 41.7691
    vertex -1 0 40.9836
    vertex -1 0 41.8033
  endloop
endfacet
facet normal 0.92388 0.382683 -0
  outer loop
    vertex -0.707107 -0.707107 41.0278
    vertex -1 0 40.9836
    vertex -0.707107 -0.707107 41.7691
  endloop
endfacet
facet normal 0.382683 0.92388 0
  outer loop
    vertex -0.707107 -0.707107 41.7691
    vertex 0 -1 41.8033
    vertex 0 -1 40.9836
  endloop
endfacet
facet normal 0.382683 0.92388 0
  outer loop
    vertex 0 -1 40.9836
    vertex -0.707107 -0.707107 41.0278
    vertex -0.707107 -0.707107 41.7691
  endloop
endfacet
facet normal 0.92388 0.382683 0
  outer loop
    vertex -0.707107 -0.707107 47.5068
    vertex -1 0 46.7213
    vertex -1 0 47.541
  endloop
endfacet
facet normal 0.92388 0.382683 -0
  outer loop
    vertex -0.707107 -0.707107 46.4481
    vertex -1 0 46.7213
    vertex -0.707107 -0.707107 47.5068
  endloop
endfacet
facet normal 0.382683 0.92388 0
  outer loop
    vertex -0.707107 -0.707107 47.5068
    vertex 0 -1 47.541
    vertex 0 -1 46.7213
  endloop
endfacet
facet normal 0.382683 0.92388 0
  outer loop
    vertex 0 -1 46.7213
    vertex -0.707107 -0.707107 46.4481
    vertex -0.707107 -0.707107 47.5068
  endloop
endfacet
facet normal 0.92388 0.382683 0
  outer loop
    vertex -1 0 29.5082
    vertex -0.707107 -0.707107 29.4753
    vertex -1 0 28.6885
  endloop
endfacet
facet normal 0.382683 0.92388 -0
  outer loop
    vertex 0 -1 28.6885
    vertex -0.707107 -0.707107 29.4753
    vertex 0 -1 29.5082
  endloop
endfacet
facet normal 0.382683 0.92388 0
  outer loop
    vertex 0 -1 28.6885
    vertex -0.707107 -0.707107 28.4153
    vertex -0.707107 -0.707107 29.4753
  endloop
endfacet
facet normal 0.92388 0.382683 -0
  outer loop
    vertex -0.707107 -0.707107 28.4153
    vertex -1 0 28.6885
    vertex -0.707107 -0.707107 29.4753
  endloop
endfacet
facet normal 0.943102 0.332503 0
  outer loop
    vertex -0.778884 -0.627168 0.981002
    vertex -1 0 0.819672
    vertex -1 0 1.63934
  endloop
endfacet
facet normal 0.92388 0.382683 0
  outer loop
    vertex -1 0 27.8689
    vertex -0.707107 -0.707107 27.0492
    vertex -1 0 27.0492
  endloop
endfacet
facet normal 0.92388 0.382683 0
  outer loop
    vertex -1 0 27.8689
    vertex -0.707107 -0.707107 27.8689
    vertex -0.707107 -0.707107 27.0492
  endloop
endfacet
facet normal 0.92388 0.382683 0
  outer loop
    vertex -1 0 28.6885
    vertex -0.707107 -0.707107 28.4153
    vertex -1 0 27.8689
  endloop
endfacet
facet normal 0.382683 0.92388 -0
  outer loop
    vertex 0 -1 27.8689
    vertex -0.707107 -0.707107 28.4153
    vertex 0 -1 28.6885
  endloop
endfacet
facet normal 0.382683 0.92388 0
  outer loop
    vertex 0 -1 27.8689
    vertex -0.707107 -0.707107 27.8689
    vertex -0.707107 -0.707107 28.4153
  endloop
endfacet
facet normal 0.92388 0.382683 -0
  outer loop
    vertex -0.707107 -0.707107 27.8689
    vertex -1 0 27.8689
    vertex -0.707107 -0.707107 28.4153
  endloop
endfacet
facet normal 0.92388 0.382683 0
  outer loop
    vertex -1 0 22.1311
    vertex -0.707107 -0.707107 22.097
    vertex -1 0 21.3115
  endloop
endfacet
facet normal 0.382683 0.92388 -0
  outer loop
    vertex 0 -1 21.3115
    vertex -0.707107 -0.707107 22.097
    vertex 0 -1 22.1311
  endloop
endfacet
facet normal 0.382683 0.92388 0
  outer loop
    vertex 0 -1 21.3115
    vertex -0.707107 -0.707107 21.3519
    vertex -0.707107 -0.707107 22.097
  endloop
endfacet
facet normal 0.92388 0.382683 -0
  outer loop
    vertex -0.707107 -0.707107 21.3519
    vertex -1 0 21.3115
    vertex -0.707107 -0.707107 22.097
  endloop
endfacet
facet normal 0.92388 0.382683 0
  outer loop
    vertex -0.707107 -0.707107 49.0779
    vertex -1 0 48.3607
    vertex -1 0 49.1803
  endloop
endfacet
facet normal 0.92388 0.382683 2.53086e-13
  outer loop
    vertex -0.707107 -0.707107 48.3607
    vertex -1 0 48.3607
    vertex -0.707107 -0.707107 49.0779
  endloop
endfacet
facet normal 0.382683 0.92388 0
  outer loop
    vertex -0.707107 -0.707107 49.0779
    vertex 0 -1 49.1803
    vertex 0 -1 48.3607
  endloop
endfacet
facet normal 0.382683 0.92388 -2.53068e-13
  outer loop
    vertex 0 -1 48.3607
    vertex -0.707107 -0.707107 48.3607
    vertex -0.707107 -0.707107 49.0779
  endloop
endfacet
facet normal 0.92388 0.382683 0
  outer loop
    vertex -1 0 43.4426
    vertex -0.707107 -0.707107 43.4413
    vertex -1 0 42.623
  endloop
endfacet
facet normal 0.382683 0.92388 -0
  outer loop
    vertex 0 -1 42.623
    vertex -0.707107 -0.707107 43.4413
    vertex 0 -1 43.4426
  endloop
endfacet
facet normal 0.382683 0.92388 0
  outer loop
    vertex 0 -1 42.623
    vertex -0.707107 -0.707107 42.623
    vertex -0.707107 -0.707107 43.4413
  endloop
endfacet
facet normal 0.92388 0.382683 -0
  outer loop
    vertex -0.707107 -0.707107 42.623
    vertex -1 0 42.623
    vertex -0.707107 -0.707107 43.4413
  endloop
endfacet
facet normal 0.92388 0.382683 0
  outer loop
    vertex -0.707107 -0.707107 15.5652
    vertex -1 0 14.7541
    vertex -1 0 15.5738
  endloop
endfacet
facet normal 0.92388 0.382683 -0
  outer loop
    vertex -0.707107 -0.707107 14.7197
    vertex -1 0 14.7541
    vertex -0.707107 -0.707107 15.5652
  endloop
endfacet
facet normal 0.382683 0.92388 -0
  outer loop
    vertex 0 -1 14.7541
    vertex -0.707107 -0.707107 15.5652
    vertex 0 -1 15.5738
  endloop
endfacet
facet normal 0.382683 0.92388 0
  outer loop
    vertex 0 -1 14.7541
    vertex -0.707107 -0.707107 14.7197
    vertex -0.707107 -0.707107 15.5652
  endloop
endfacet
facet normal 0.92388 0.382683 0
  outer loop
    vertex -0.707107 -0.707107 24.5899
    vertex -1 0 23.7705
    vertex -1 0 24.5902
  endloop
endfacet
facet normal 0.92388 0.382683 -0
  outer loop
    vertex -0.707107 -0.707107 23.7694
    vertex -1 0 23.7705
    vertex -0.707107 -0.707107 24.5899
  endloop
endfacet
facet normal 0.382683 0.92388 -0
  outer loop
    vertex 0 -1 23.7705
    vertex -0.707107 -0.707107 24.5899
    vertex 0 -1 24.5902
  endloop
endfacet
facet normal 0.382683 0.92388 0
  outer loop
    vertex 0 -1 23.7705
    vertex -0.707107 -0.707107 23.7694
    vertex -0.707107 -0.707107 24.5899
  endloop
endfacet
facet normal 0.92388 0.382683 0
  outer loop
    vertex -0.707107 -0.707107 22.9423
    vertex -1 0 22.1311
    vertex -1 0 22.9508
  endloop
endfacet
facet normal 0.92388 0.382683 -0
  outer loop
    vertex -0.707107 -0.707107 22.097
    vertex -1 0 22.1311
    vertex -0.707107 -0.707107 22.9423
  endloop
endfacet
facet normal 0.382683 0.92388 -0
  outer loop
    vertex 0 -1 22.1311
    vertex -0.707107 -0.707107 22.9423
    vertex 0 -1 22.9508
  endloop
endfacet
facet normal 0.382683 0.92388 0
  outer loop
    vertex 0 -1 22.1311
    vertex -0.707107 -0.707107 22.097
    vertex -0.707107 -0.707107 22.9423
  endloop
endfacet
facet normal 0.92388 0.382683 0
  outer loop
    vertex -1 0 16.3934
    vertex -0.707107 -0.707107 15.5652
    vertex -1 0 15.5738
  endloop
endfacet
facet normal 0.92388 0.382683 0
  outer loop
    vertex -1 0 16.3934
    vertex -0.707107 -0.707107 16.4333
    vertex -0.707107 -0.707107 15.5652
  endloop
endfacet
facet normal 0.382683 0.92388 0
  outer loop
    vertex -0.707107 -0.707107 15.5652
    vertex 0 -1 16.3934
    vertex 0 -1 15.5738
  endloop
endfacet
facet normal 0.382683 0.92388 0
  outer loop
    vertex -0.707107 -0.707107 16.4333
    vertex 0 -1 16.3934
    vertex -0.707107 -0.707107 15.5652
  endloop
endfacet
facet normal 0.92388 0.382683 0
  outer loop
    vertex -0.707107 -0.707107 13.1046
    vertex -1 0 12.2951
    vertex -1 0 13.1148
  endloop
endfacet
facet normal 0.92388 0.382683 -0
  outer loop
    vertex -0.707107 -0.707107 12.2543
    vertex -1 0 12.2951
    vertex -0.707107 -0.707107 13.1046
  endloop
endfacet
facet normal 0.382683 0.92388 -0
  outer loop
    vertex 0 -1 12.2951
    vertex -0.707107 -0.707107 13.1046
    vertex 0 -1 13.1148
  endloop
endfacet
facet normal 0.382683 0.92388 0
  outer loop
    vertex 0 -1 12.2951
    vertex -0.707107 -0.707107 12.2543
    vertex -0.707107 -0.707107 13.1046
  endloop
endfacet
facet normal 0.92388 0.382683 0
  outer loop
    vertex -0.707107 -0.707107 45.8234
    vertex -1 0 45.082
    vertex -1 0 45.9016
  endloop
endfacet
facet normal 0.92388 0.382683 -0
  outer loop
    vertex -0.707107 -0.707107 45.0421
    vertex -1 0 45.082
    vertex -0.707107 -0.707107 45.8234
  endloop
endfacet
facet normal 0.382683 0.92388 -0
  outer loop
    vertex 0 -1 45.082
    vertex -0.707107 -0.707107 45.8234
    vertex 0 -1 45.9016
  endloop
endfacet
facet normal 0.382683 0.92388 0
  outer loop
    vertex 0 -1 45.082
    vertex -0.707107 -0.707107 45.0421
    vertex -0.707107 -0.707107 45.8234
  endloop
endfacet
facet normal 0.92388 0.382683 0
  outer loop
    vertex -0.707107 -0.707107 8.91631
    vertex -1 0 8.19672
    vertex -1 0 9.01639
  endloop
endfacet
facet normal 0.92388 0.382683 -0
  outer loop
    vertex -0.707107 -0.707107 8.16257
    vertex -1 0 8.19672
    vertex -0.707107 -0.707107 8.91631
  endloop
endfacet
facet normal 0.382683 0.92388 -0
  outer loop
    vertex 0 -1 8.19672
    vertex -0.707107 -0.707107 8.91631
    vertex 0 -1 9.01639
  endloop
endfacet
facet normal 0.382683 0.92388 0
  outer loop
    vertex 0 -1 8.19672
    vertex -0.707107 -0.707107 8.16257
    vertex -0.707107 -0.707107 8.91631
  endloop
endfacet
facet normal 0.92388 0.382683 0
  outer loop
    vertex -1 0 31.1475
    vertex -0.707107 -0.707107 30.3381
    vertex -1 0 30.3279
  endloop
endfacet
facet normal 0.92388 0.382683 0
  outer loop
    vertex -1 0 31.1475
    vertex -0.707107 -0.707107 31.1883
    vertex -0.707107 -0.707107 30.3381
  endloop
endfacet
facet normal 0.382683 0.92388 0
  outer loop
    vertex -0.707107 -0.707107 30.3381
    vertex 0 -1 31.1475
    vertex 0 -1 30.3279
  endloop
endfacet
facet normal 0.382683 0.92388 0
  outer loop
    vertex -0.707107 -0.707107 31.1883
    vertex 0 -1 31.1475
    vertex -0.707107 -0.707107 30.3381
  endloop
endfacet
facet normal 0.92388 0.382683 0
  outer loop
    vertex -0.707107 -0.707107 42.623
    vertex -1 0 41.8033
    vertex -1 0 42.623
  endloop
endfacet
facet normal 0.92388 0.382683 -0
  outer loop
    vertex -0.707107 -0.707107 41.7691
    vertex -1 0 41.8033
    vertex -0.707107 -0.707107 42.623
  endloop
endfacet
facet normal 0.382683 0.92388 -0
  outer loop
    vertex 0 -1 41.8033
    vertex -0.707107 -0.707107 42.623
    vertex 0 -1 42.623
  endloop
endfacet
facet normal 0.382683 0.92388 0
  outer loop
    vertex 0 -1 41.8033
    vertex -0.707107 -0.707107 41.7691
    vertex -0.707107 -0.707107 42.623
  endloop
endfacet
facet normal 0.92388 0.382683 0
  outer loop
    vertex -0.707107 -0.707107 48.3607
    vertex -1 0 47.541
    vertex -1 0 48.3607
  endloop
endfacet
facet normal 0.92388 0.382683 -0
  outer loop
    vertex -0.707107 -0.707107 47.5068
    vertex -1 0 47.541
    vertex -0.707107 -0.707107 48.3607
  endloop
endfacet
facet normal 0.382683 0.92388 -0
  outer loop
    vertex 0 -1 47.541
    vertex -0.707107 -0.707107 48.3607
    vertex 0 -1 48.3607
  endloop
endfacet
facet normal 0.382683 0.92388 0
  outer loop
    vertex 0 -1 47.541
    vertex -0.707107 -0.707107 47.5068
    vertex -0.707107 -0.707107 48.3607
  endloop
endfacet
facet normal 0.938381 0.345602 0
  outer loop
    vertex -0.761119 -0.648613 38.5363
    vertex -1 0 37.7049
    vertex -1 0 38.5246
  endloop
endfacet
facet normal 0.851755 0.502754 0.147487
  outer loop
    vertex -0.522865 -0.852415 37.8551
    vertex -1 0 37.7049
    vertex -0.761119 -0.648613 38.5363
  endloop
endfacet
facet normal 0.92388 0.382683 0
  outer loop
    vertex -0.707107 -0.707107 30.3381
    vertex -1 0 29.5082
    vertex -1 0 30.3279
  endloop
endfacet
facet normal 0.92388 0.382683 -0
  outer loop
    vertex -0.707107 -0.707107 29.4753
    vertex -1 0 29.5082
    vertex -0.707107 -0.707107 30.3381
  endloop
endfacet
facet normal 0.382683 0.92388 -0
  outer loop
    vertex 0 -1 29.5082
    vertex -0.707107 -0.707107 30.3381
    vertex 0 -1 30.3279
  endloop
endfacet
facet normal 0.382683 0.92388 0
  outer loop
    vertex 0 -1 29.5082
    vertex -0.707107 -0.707107 29.4753
    vertex -0.707107 -0.707107 30.3381
  endloop
endfacet
facet normal 0.382683 0.92388 -0
  outer loop
    vertex 0 -1 27.0492
    vertex -0.707107 -0.707107 27.8689
    vertex 0 -1 27.8689
  endloop
endfacet
facet normal 0.382683 0.92388 0
  outer loop
    vertex 0 -1 27.0492
    vertex -0.707107 -0.707107 27.0492
    vertex -0.707107 -0.707107 27.8689
  endloop
endfacet
facet normal 0.19509 0.980785 0
  outer loop
    vertex -0.382683 -0.92388 5.31979
    vertex 0 -1 5.7377
    vertex 0 -1 4.91803
  endloop
endfacet
facet normal 0.55557 0.83147 0
  outer loop
    vertex -0.382683 -0.92388 5.31979
    vertex -0.707107 -0.707107 4.80279
    vertex -0.707107 -0.707107 5.82064
  endloop
endfacet
facet normal 0.354687 0.920592 0.163424
  outer loop
    vertex -0.707107 -0.707107 4.80279
    vertex -0.382683 -0.92388 5.31979
    vertex 0 -1 4.91803
  endloop
endfacet
facet normal 0.361114 0.918086 -0.163448
  outer loop
    vertex 0 -1 5.7377
    vertex -0.382683 -0.92388 5.31979
    vertex -0.707107 -0.707107 5.82064
  endloop
endfacet
facet normal 0.980785 0.19509 0
  outer loop
    vertex -1 0 5.7377
    vertex -0.92388 -0.382683 5.31979
    vertex -1 0 4.91803
  endloop
endfacet
facet normal 0.83147 0.55557 -0
  outer loop
    vertex -0.707107 -0.707107 4.80279
    vertex -0.92388 -0.382683 5.31979
    vertex -0.707107 -0.707107 5.82064
  endloop
endfacet
facet normal 0.920592 0.354687 0.163424
  outer loop
    vertex -0.92388 -0.382683 5.31979
    vertex -0.707107 -0.707107 4.80279
    vertex -1 0 4.91803
  endloop
endfacet
facet normal 0.918086 0.361114 -0.163448
  outer loop
    vertex -0.92388 -0.382683 5.31979
    vertex -1 0 5.7377
    vertex -0.707107 -0.707107 5.82064
  endloop
endfacet
facet normal 0.92388 0.382683 0
  outer loop
    vertex -0.707107 -0.707107 18.8586
    vertex -1 0 18.0328
    vertex -1 0 18.8525
  endloop
endfacet
facet normal 0.92388 0.382683 -0
  outer loop
    vertex -0.707107 -0.707107 17.8279
    vertex -1 0 18.0328
    vertex -0.707107 -0.707107 18.8586
  endloop
endfacet
facet normal 0.382683 0.92388 -0
  outer loop
    vertex 0 -1 18.0328
    vertex -0.707107 -0.707107 18.8586
    vertex 0 -1 18.8525
  endloop
endfacet
facet normal 0.382683 0.92388 0
  outer loop
    vertex 0 -1 18.0328
    vertex -0.707107 -0.707107 17.8279
    vertex -0.707107 -0.707107 18.8586
  endloop
endfacet
facet normal 0.965744 0.259495 0
  outer loop
    vertex -0.865324 -0.501212 32.7758
    vertex -1 0 31.9672
    vertex -1 0 32.7869
  endloop
endfacet
facet normal 0.88311 0.450218 0.131986
  outer loop
    vertex -0.629103 -0.777322 32.1371
    vertex -1 0 31.9672
    vertex -0.865324 -0.501212 32.7758
  endloop
endfacet
facet normal 0.390376 0.920655 -0
  outer loop
    vertex 0 -1 32.7869
    vertex -0.718804 -0.695213 33.6088
    vertex 0 -1 33.6066
  endloop
endfacet
facet normal 0.495072 0.861403 0.113528
  outer loop
    vertex 0 -1 32.7869
    vertex -0.865324 -0.501212 32.7758
    vertex -0.718804 -0.695213 33.6088
  endloop
endfacet
facet normal 0.92388 0.382683 0
  outer loop
    vertex -0.707107 -0.707107 17.8279
    vertex -1 0 17.2131
    vertex -1 0 18.0328
  endloop
endfacet
facet normal 0.92388 0.382683 -0
  outer loop
    vertex -0.707107 -0.707107 17.1719
    vertex -1 0 17.2131
    vertex -0.707107 -0.707107 17.8279
  endloop
endfacet
facet normal 0.382683 0.92388 -0
  outer loop
    vertex 0 -1 17.2131
    vertex -0.707107 -0.707107 17.8279
    vertex 0 -1 18.0328
  endloop
endfacet
facet normal 0.382683 0.92388 0
  outer loop
    vertex 0 -1 17.2131
    vertex -0.707107 -0.707107 17.1719
    vertex -0.707107 -0.707107 17.8279
  endloop
endfacet
facet normal 0.923876 0.382693 0
  outer loop
    vertex -1 0 40.1639
    vertex -0.707092 -0.707121 39.46
    vertex -1 0 39.3443
  endloop
endfacet
facet normal 0.923879 0.382686 8.68216e-06
  outer loop
    vertex -1 0 40.1639
    vertex -0.707107 -0.707107 40.375
    vertex -0.707092 -0.707121 39.46
  endloop
endfacet
facet normal 0.382674 0.923884 0
  outer loop
    vertex -0.707092 -0.707121 39.46
    vertex 0 -1 40.1639
    vertex 0 -1 39.3443
  endloop
endfacet
facet normal 0.382681 0.92388 -8.68183e-06
  outer loop
    vertex -0.707107 -0.707107 40.375
    vertex 0 -1 40.1639
    vertex -0.707092 -0.707121 39.46
  endloop
endfacet
facet normal 0.92388 0.382683 0
  outer loop
    vertex -1 0 40.9836
    vertex -0.707107 -0.707107 40.375
    vertex -1 0 40.1639
  endloop
endfacet
facet normal 0.92388 0.382683 0
  outer loop
    vertex -1 0 40.9836
    vertex -0.707107 -0.707107 41.0278
    vertex -0.707107 -0.707107 40.375
  endloop
endfacet
facet normal 0.382683 0.92388 0
  outer loop
    vertex -0.707107 -0.707107 40.375
    vertex 0 -1 40.9836
    vertex 0 -1 40.1639
  endloop
endfacet
facet normal 0.382683 0.92388 0
  outer loop
    vertex -0.707107 -0.707107 41.0278
    vertex 0 -1 40.9836
    vertex -0.707107 -0.707107 40.375
  endloop
endfacet
facet normal 0.92388 0.382683 0
  outer loop
    vertex -1 0 26.2295
    vertex -0.707107 -0.707107 25.4098
    vertex -1 0 25.4098
  endloop
endfacet
facet normal 0.92388 0.382683 0
  outer loop
    vertex -1 0 26.2295
    vertex -0.707107 -0.707107 26.2295
    vertex -0.707107 -0.707107 25.4098
  endloop
endfacet
facet normal 0.382683 0.92388 0
  outer loop
    vertex -0.707107 -0.707107 25.4098
    vertex 0 -1 26.2295
    vertex 0 -1 25.4098
  endloop
endfacet
facet normal 0.382683 0.92388 0
  outer loop
    vertex -0.707107 -0.707107 26.2295
    vertex 0 -1 26.2295
    vertex -0.707107 -0.707107 25.4098
  endloop
endfacet
facet normal 0.92388 0.382683 0
  outer loop
    vertex -1 0 11.4754
    vertex -0.707107 -0.707107 10.8684
    vertex -1 0 10.6557
  endloop
endfacet
facet normal 0.92388 0.382683 0
  outer loop
    vertex -1 0 11.4754
    vertex -0.707107 -0.707107 11.5184
    vertex -0.707107 -0.707107 10.8684
  endloop
endfacet
facet normal 0.382683 0.92388 0
  outer loop
    vertex -0.707107 -0.707107 10.8684
    vertex 0 -1 11.4754
    vertex 0 -1 10.6557
  endloop
endfacet
facet normal 0.382683 0.92388 0
  outer loop
    vertex -0.707107 -0.707107 11.5184
    vertex 0 -1 11.4754
    vertex -0.707107 -0.707107 10.8684
  endloop
endfacet
facet normal 0.92388 0.382683 0
  outer loop
    vertex -1 0 10.6557
    vertex -0.707107 -0.707107 9.95593
    vertex -1 0 9.83607
  endloop
endfacet
facet normal 0.92388 0.382683 0
  outer loop
    vertex -1 0 10.6557
    vertex -0.707107 -0.707107 10.8684
    vertex -0.707107 -0.707107 9.95593
  endloop
endfacet
facet normal 0.382683 0.92388 0
  outer loop
    vertex -0.707107 -0.707107 9.95593
    vertex 0 -1 10.6557
    vertex 0 -1 9.83607
  endloop
endfacet
facet normal 0.382683 0.92388 0
  outer loop
    vertex -0.707107 -0.707107 10.8684
    vertex 0 -1 10.6557
    vertex -0.707107 -0.707107 9.95593
  endloop
endfacet
facet normal 0.926923 0.375252 0
  outer loop
    vertex -1 0 4.09836
    vertex -0.718372 -0.695659 3.26897
    vertex -1 0 3.27869
  endloop
endfacet
facet normal 0.923932 0.38249 -0.0070867
  outer loop
    vertex -1 0 4.09836
    vertex -0.707107 -0.707107 4.11981
    vertex -0.718372 -0.695659 3.26897
  endloop
endfacet
facet normal 0.39009 0.920777 0
  outer loop
    vertex -0.718372 -0.695659 3.26897
    vertex 0 -1 4.09836
    vertex 0 -1 3.27869
  endloop
endfacet
facet normal 0.382864 0.923776 0.00735971
  outer loop
    vertex -0.707107 -0.707107 4.11981
    vertex 0 -1 4.09836
    vertex -0.718372 -0.695659 3.26897
  endloop
endfacet
facet normal 0.92388 0.382683 0
  outer loop
    vertex -1 0 44.2623
    vertex -0.707107 -0.707107 43.4413
    vertex -1 0 43.4426
  endloop
endfacet
facet normal 0.92388 0.382683 0
  outer loop
    vertex -1 0 44.2623
    vertex -0.707107 -0.707107 44.252
    vertex -0.707107 -0.707107 43.4413
  endloop
endfacet
facet normal 0.382683 0.92388 0
  outer loop
    vertex -0.707107 -0.707107 43.4413
    vertex 0 -1 44.2623
    vertex 0 -1 43.4426
  endloop
endfacet
facet normal 0.382683 0.92388 0
  outer loop
    vertex -0.707107 -0.707107 44.252
    vertex 0 -1 44.2623
    vertex -0.707107 -0.707107 43.4413
  endloop
endfacet
facet normal 0.886088 0.445765 -0.127048
  outer loop
    vertex -0.598907 -0.800818 1.62696
    vertex -0.778884 -0.627168 0.981002
    vertex -1 0 1.63934
  endloop
endfacet
facet normal 0.19509 0.980785 -0
  outer loop
    vertex 0 -1 9.01639
    vertex -0.382683 -0.92388 9.43117
    vertex 0 -1 9.83607
  endloop
endfacet
facet normal 0.55557 0.83147 0
  outer loop
    vertex -0.707107 -0.707107 9.95593
    vertex -0.382683 -0.92388 9.43117
    vertex -0.707107 -0.707107 8.91631
  endloop
endfacet
facet normal 0.354157 0.921125 -0.161558
  outer loop
    vertex -0.382683 -0.92388 9.43117
    vertex -0.707107 -0.707107 9.95593
    vertex 0 -1 9.83607
  endloop
endfacet
facet normal 0.358049 0.919617 0.161574
  outer loop
    vertex -0.382683 -0.92388 9.43117
    vertex 0 -1 9.01639
    vertex -0.707107 -0.707107 8.91631
  endloop
endfacet
facet normal 0.980785 0.19509 0
  outer loop
    vertex -0.92388 -0.382683 9.43117
    vertex -1 0 9.01639
    vertex -1 0 9.83607
  endloop
endfacet
facet normal 0.83147 0.55557 0
  outer loop
    vertex -0.92388 -0.382683 9.43117
    vertex -0.707107 -0.707107 9.95593
    vertex -0.707107 -0.707107 8.91631
  endloop
endfacet
facet normal 0.921125 0.354157 -0.161558
  outer loop
    vertex -0.707107 -0.707107 9.95593
    vertex -0.92388 -0.382683 9.43117
    vertex -1 0 9.83607
  endloop
endfacet
facet normal 0.919617 0.358049 0.161574
  outer loop
    vertex -1 0 9.01639
    vertex -0.92388 -0.382683 9.43117
    vertex -0.707107 -0.707107 8.91631
  endloop
endfacet
facet normal 0.217647 0.976028 -0
  outer loop
    vertex 0 -1 38.5246
    vertex -0.424859 -0.90526 38.7492
    vertex 0 -1 39.3443
  endloop
endfacet
facet normal 0.600411 0.799541 0.0155279
  outer loop
    vertex -0.707092 -0.707121 39.46
    vertex -0.424859 -0.90526 38.7492
    vertex -0.761119 -0.648613 38.5363
  endloop
endfacet
facet normal 0.364383 0.924368 -0.112998
  outer loop
    vertex -0.424859 -0.90526 38.7492
    vertex -0.707092 -0.707121 39.46
    vertex 0 -1 39.3443
  endloop
endfacet
facet normal 0.980781 0.195113 0
  outer loop
    vertex -0.923862 -0.382727 38.9305
    vertex -1 0 38.5246
    vertex -1 0 39.3443
  endloop
endfacet
facet normal 0.842632 0.538275 -0.0151907
  outer loop
    vertex -0.923862 -0.382727 38.9305
    vertex -0.707092 -0.707121 39.46
    vertex -0.761119 -0.648613 38.5363
  endloop
endfacet
facet normal 0.921023 0.355444 -0.159299
  outer loop
    vertex -0.707092 -0.707121 39.46
    vertex -0.923862 -0.382727 38.9305
    vertex -1 0 39.3443
  endloop
endfacet
facet normal 0.926795 0.344063 0.150571
  outer loop
    vertex -1 0 38.5246
    vertex -0.923862 -0.382727 38.9305
    vertex -0.761119 -0.648613 38.5363
  endloop
endfacet
facet normal 0.957854 0.287255 0
  outer loop
    vertex -0.834969 -0.550296 35.2497
    vertex -1 0 34.4262
    vertex -1 0 35.2459
  endloop
endfacet
facet normal 0.881447 0.454807 0.127286
  outer loop
    vertex -0.585174 -0.810908 34.4511
    vertex -1 0 34.4262
    vertex -0.834969 -0.550296 35.2497
  endloop
endfacet
facet normal 0.915052 0.379027 0.137906
  outer loop
    vertex -0.861545 -0.507682 0.47664
    vertex -0.707107 -0.707107 0
    vertex -1 0 0
  endloop
endfacet
facet normal 0.964765 0.263112 0
  outer loop
    vertex -1 0 0.819672
    vertex -0.861545 -0.507682 0.47664
    vertex -1 0 0
  endloop
endfacet
facet normal 0.946355 0.312815 -0.0809916
  outer loop
    vertex -0.778884 -0.627168 0.981002
    vertex -0.861545 -0.507682 0.47664
    vertex -1 0 0.819672
  endloop
endfacet
facet normal 0.378868 0.914669 0.140852
  outer loop
    vertex -0.707107 -0.707107 0
    vertex -0.516978 -0.855998 0.455463
    vertex 0 -1 0
  endloop
endfacet
facet normal 0.26833 0.963327 0
  outer loop
    vertex -0.516978 -0.855998 0.455463
    vertex 0 -1 0.819672
    vertex 0 -1 0
  endloop
endfacet
facet normal 0.707423 0.703773 -0.065242
  outer loop
    vertex -0.516978 -0.855998 0.455463
    vertex -0.707107 -0.707107 0
    vertex -0.861545 -0.507682 0.47664
  endloop
endfacet
facet normal 0.290397 0.956906 0
  outer loop
    vertex -0.555765 -0.831339 36.0654
    vertex 0 -1 36.8852
    vertex 0 -1 36.0656
  endloop
endfacet
facet normal 0.465479 0.874606 -0.135623
  outer loop
    vertex -0.828724 -0.559657 36.8806
    vertex 0 -1 36.8852
    vertex -0.555765 -0.831339 36.0654
  endloop
endfacet
facet normal 0.31558 0.948899 -0
  outer loop
    vertex 0 -1 0.819672
    vertex -0.598907 -0.800818 1.62696
    vertex 0 -1 1.63934
  endloop
endfacet
facet normal 0.448006 0.886788 0.113568
  outer loop
    vertex 0 -1 0.819672
    vertex -0.778884 -0.627168 0.981002
    vertex -0.598907 -0.800818 1.62696
  endloop
endfacet
facet normal 0.92388 0.382683 0
  outer loop
    vertex -1 0 21.3115
    vertex -0.707107 -0.707107 20.6877
    vertex -1 0 20.4918
  endloop
endfacet
facet normal 0.92388 0.382683 0
  outer loop
    vertex -1 0 21.3115
    vertex -0.707107 -0.707107 21.3519
    vertex -0.707107 -0.707107 20.6877
  endloop
endfacet
facet normal 0.382683 0.92388 0
  outer loop
    vertex -0.707107 -0.707107 20.6877
    vertex 0 -1 21.3115
    vertex 0 -1 20.4918
  endloop
endfacet
facet normal 0.382683 0.92388 0
  outer loop
    vertex -0.707107 -0.707107 21.3519
    vertex 0 -1 21.3115
    vertex -0.707107 -0.707107 20.6877
  endloop
endfacet
facet normal 0.957854 0.287255 0
  outer loop
    vertex -1 0 36.0656
    vertex -0.834969 -0.550296 35.2497
    vertex -1 0 35.2459
  endloop
endfacet
facet normal 0.873509 0.466793 -0.138153
  outer loop
    vertex -1 0 36.0656
    vertex -0.555765 -0.831339 36.0654
    vertex -0.834969 -0.550296 35.2497
  endloop
endfacet
facet normal 0.92388 0.382683 0
  outer loop
    vertex -1 0 19.6721
    vertex -0.707107 -0.707107 18.8586
    vertex -1 0 18.8525
  endloop
endfacet
facet normal 0.92388 0.382683 0
  outer loop
    vertex -1 0 19.6721
    vertex -0.707107 -0.707107 19.979
    vertex -0.707107 -0.707107 18.8586
  endloop
endfacet
facet normal 0.382683 0.92388 0
  outer loop
    vertex -0.707107 -0.707107 18.8586
    vertex 0 -1 19.6721
    vertex 0 -1 18.8525
  endloop
endfacet
facet normal 0.382683 0.92388 0
  outer loop
    vertex -0.707107 -0.707107 19.979
    vertex 0 -1 19.6721
    vertex -0.707107 -0.707107 18.8586
  endloop
endfacet
facet normal 0.965744 0.259495 0
  outer loop
    vertex -1 0 33.6066
    vertex -0.865324 -0.501212 32.7758
    vertex -1 0 32.7869
  endloop
endfacet
facet normal 0.924474 0.373678 -0.0755784
  outer loop
    vertex -1 0 33.6066
    vertex -0.718804 -0.695213 33.6088
    vertex -0.865324 -0.501212 32.7758
  endloop
endfacet
facet normal 0.947049 0.321089 0
  outer loop
    vertex -0.793803 -0.608174 2.29066
    vertex -1 0 1.63934
    vertex -1 0 2.45902
  endloop
endfacet
facet normal 0.887099 0.442264 0.132128
  outer loop
    vertex -0.598907 -0.800818 1.62696
    vertex -1 0 1.63934
    vertex -0.793803 -0.608174 2.29066
  endloop
endfacet
facet normal 0.956223 0.292639 0
  outer loop
    vertex -1 0 37.7049
    vertex -0.828724 -0.559657 36.8806
    vertex -1 0 36.8852
  endloop
endfacet
facet normal 0.874583 0.465833 -0.134553
  outer loop
    vertex -1 0 37.7049
    vertex -0.522865 -0.852415 37.8551
    vertex -0.828724 -0.559657 36.8806
  endloop
endfacet
facet normal 0.92388 0.382683 0
  outer loop
    vertex -1 0 20.4918
    vertex -0.707107 -0.707107 19.979
    vertex -1 0 19.6721
  endloop
endfacet
facet normal 0.92388 0.382683 0
  outer loop
    vertex -1 0 20.4918
    vertex -0.707107 -0.707107 20.6877
    vertex -0.707107 -0.707107 19.979
  endloop
endfacet
facet normal 0.382683 0.92388 0
  outer loop
    vertex -0.707107 -0.707107 19.979
    vertex 0 -1 20.4918
    vertex 0 -1 19.6721
  endloop
endfacet
facet normal 0.382683 0.92388 0
  outer loop
    vertex -0.707107 -0.707107 20.6877
    vertex 0 -1 20.4918
    vertex -0.707107 -0.707107 19.979
  endloop
endfacet
facet normal 0.926923 0.375252 0
  outer loop
    vertex -0.718372 -0.695659 3.26897
    vertex -1 0 2.45902
    vertex -1 0 3.27869
  endloop
endfacet
facet normal 0.942489 0.331455 -0.0430296
  outer loop
    vertex -0.793803 -0.608174 2.29066
    vertex -1 0 2.45902
    vertex -0.718372 -0.695659 3.26897
  endloop
endfacet
facet normal 0.39009 0.920777 -0
  outer loop
    vertex 0 -1 2.45902
    vertex -0.718372 -0.695659 3.26897
    vertex 0 -1 3.27869
  endloop
endfacet
facet normal 0.434102 0.899638 0.0469788
  outer loop
    vertex 0 -1 2.45902
    vertex -0.793803 -0.608174 2.29066
    vertex -0.718372 -0.695659 3.26897
  endloop
endfacet
facet normal 0.927039 0.374964 0
  outer loop
    vertex -1 0 34.4262
    vertex -0.718804 -0.695213 33.6088
    vertex -1 0 33.6066
  endloop
endfacet
facet normal 0.888477 0.452093 -0.0788671
  outer loop
    vertex -0.585174 -0.810908 34.4511
    vertex -0.718804 -0.695213 33.6088
    vertex -1 0 34.4262
  endloop
endfacet
facet normal 0.307484 0.951553 0
  outer loop
    vertex -0.585174 -0.810908 34.4511
    vertex 0 -1 35.2459
    vertex 0 -1 34.4262
  endloop
endfacet
facet normal 0.469172 0.872274 -0.137897
  outer loop
    vertex -0.834969 -0.550296 35.2497
    vertex 0 -1 35.2459
    vertex -0.585174 -0.810908 34.4511
  endloop
endfacet
facet normal 0.389679 0.89953 -0.197474
  outer loop
    vertex -0.516978 -0.855998 0.455463
    vertex -0.778884 -0.627168 0.981002
    vertex 0 -1 0.819672
  endloop
endfacet
facet normal 0.711556 0.700889 0.0494265
