solid Created by Gmsh
facet normal 0.165111 0.986275 0
  outer loop
    vertex -0.97707 -2.83643 -0.624254
    vertex 0 -3 0.4
    vertex 0 -3 -0.8
  endloop
endfacet
facet normal 0.17841 0.983956 0
  outer loop
    vertex -1.05328 -2.80902 50.067
    vertex 0 -3 50.8
    vertex 0 -3 49.6
  endloop
endfacet
facet normal 0.984199 0.177066 0
  outer loop
    vertex -3 0 50.8
    vertex -2.81189 -1.04561 50.0923
    vertex -3 0 49.6
  endloop
endfacet
facet normal 0.544233 0.838924 0.00412328
  outer loop
    vertex -1.05328 -2.80902 50.067
    vertex -2.14632 -2.09602 49.2701
    vertex -2.12647 -2.11616 50.747
  endloop
endfacet
facet normal 0.843281 0.537457 -0.00400667
  outer loop
    vertex -2.14632 -2.09602 49.2701
    vertex -2.81189 -1.04561 50.0923
    vertex -2.12647 -2.11616 50.747
  endloop
endfacet
facet normal 0.825298 0.563889 -0.0302279
  outer loop
    vertex -2.77164 -1.14805 2.67141
    vertex -2.12132 -2.12132 2.2708
    vertex -2.7082 -1.29061 1.74416
  endloop
endfacet
facet normal 0.562721 0.826242 -0.0258592
  outer loop
    vertex -2.12132 -2.12132 2.2708
    vertex -1.14805 -2.77164 2.67141
    vertex -1.26476 -2.72037 1.77002
  endloop
endfacet
facet normal 0.983642 0.180134 0
  outer loop
    vertex -2.80531 -1.06312 26.8612
    vertex -3 0 26.8
    vertex -3 0 28
  endloop
endfacet
facet normal 0.835307 0.549535 0.0165107
  outer loop
    vertex -2.77164 -1.14805 27.9844
    vertex -2.12132 -2.12132 27.4775
    vertex -2.80531 -1.06312 26.8612
  endloop
endfacet
facet normal 0.980642 0.195261 -0.0146354
  outer loop
    vertex -3 0 28
    vertex -2.77164 -1.14805 27.9844
    vertex -2.80531 -1.06312 26.8612
  endloop
endfacet
facet normal 0.180134 0.983642 -0
  outer loop
    vertex 0 -3 26.8
    vertex -1.06312 -2.80531 26.8612
    vertex 0 -3 28
  endloop
endfacet
facet normal 0.549535 0.835307 0.0165107
  outer loop
    vertex -2.12132 -2.12132 27.4775
    vertex -1.14805 -2.77164 27.9844
    vertex -1.06312 -2.80531 26.8612
  endloop
endfacet
facet normal 0.195261 0.980642 -0.0146354
  outer loop
    vertex -1.14805 -2.77164 27.9844
    vertex 0 -3 28
    vertex -1.06312 -2.80531 26.8612
  endloop
endfacet
facet normal 0.837248 0.546809 0.0039301
  outer loop
    vertex -2.79057 -1.10124 18.4979
    vertex -2.12132 -2.12132 17.8521
    vertex -2.80031 -1.07623 17.0929
  endloop
endfacet
facet normal 0.546809 0.837248 0.0039301
  outer loop
    vertex -2.12132 -2.12132 17.8521
    vertex -1.10124 -2.79057 18.4979
    vertex -1.07623 -2.80031 17.0929
  endloop
endfacet
facet normal 0.19247 0.981303 -0
  outer loop
    vertex 0 -3 30.4
    vertex -1.13323 -2.77773 30.6543
    vertex 0 -3 31.6
  endloop
endfacet
facet normal 0.553347 0.832951 0
  outer loop
    vertex -2.12132 -2.12132 30.9639
    vertex -1.13323 -2.77773 30.6543
    vertex -2.12132 -2.12132 29.9167
  endloop
endfacet
facet normal 0.553924 0.832563 0.00266465
  outer loop
    vertex -2.12132 -2.12132 30.9639
    vertex -1.14805 -2.77164 31.832
    vertex -1.13323 -2.77773 30.6543
  endloop
endfacet
facet normal 0.194579 0.980883 -0.00262665
  outer loop
    vertex -1.14805 -2.77164 31.832
    vertex 0 -3 31.6
    vertex -1.13323 -2.77773 30.6543
  endloop
endfacet
facet normal 0.981759 0.190128 0
  outer loop
    vertex -2.78311 -1.11996 30.6695
    vertex -3 0 30.4
    vertex -3 0 31.6
  endloop
endfacet
facet normal 0.834268 0.551359 0
  outer loop
    vertex -2.78311 -1.11996 30.6695
    vertex -2.12132 -2.12132 30.9639
    vertex -2.12132 -2.12132 29.9167
  endloop
endfacet
facet normal 0.833564 0.5524 0.00512367
  outer loop
    vertex -2.77164 -1.14805 31.832
    vertex -2.12132 -2.12132 30.9639
    vertex -2.78311 -1.11996 30.6695
  endloop
endfacet
facet normal 0.980965 0.194118 -0.00498733
  outer loop
    vertex -3 0 31.6
    vertex -2.77164 -1.14805 31.832
    vertex -2.78311 -1.11996 30.6695
  endloop
endfacet
facet normal 0.837701 0.546095 -0.00616233
  outer loop
    vertex -2.12132 -2.12132 26.0666
    vertex -2.79057 -1.10124 25.4874
    vertex -2.80531 -1.06312 26.8612
  endloop
endfacet
facet normal 0.546095 0.837701 -0.00616233
  outer loop
    vertex -1.10124 -2.79057 25.4874
    vertex -2.12132 -2.12132 26.0666
    vertex -1.06312 -2.80531 26.8612
  endloop
endfacet
facet normal 0.983218 0.182433 0
  outer loop
    vertex -3 0 17.2
    vertex -2.80031 -1.07623 17.0929
    vertex -3 0 16
  endloop
endfacet
facet normal 0.837065 0.547071 -0.00589922
  outer loop
    vertex -2.12132 -2.12132 16.5195
    vertex -2.78514 -1.1149 15.6593
    vertex -2.80031 -1.07623 17.0929
  endloop
endfacet
facet normal 0.982219 0.187661 0.00533159
  outer loop
    vertex -2.78514 -1.1149 15.6593
    vertex -3 0 16
    vertex -2.80031 -1.07623 17.0929
  endloop
endfacet
facet normal 0.182433 0.983218 0
  outer loop
    vertex -1.07623 -2.80031 17.0929
    vertex 0 -3 17.2
    vertex 0 -3 16
  endloop
endfacet
facet normal 0.547071 0.837065 -0.00589922
  outer loop
    vertex -1.1149 -2.78514 15.6593
    vertex -2.12132 -2.12132 16.5195
    vertex -1.07623 -2.80031 17.0929
  endloop
endfacet
facet normal 0.187661 0.982219 0.00533159
  outer loop
    vertex 0 -3 16
    vertex -1.1149 -2.78514 15.6593
    vertex -1.07623 -2.80031 17.0929
  endloop
endfacet
facet normal 0.980785 0.19509 0
  outer loop
    vertex -2.77164 -1.14805 31.832
    vertex -3 0 31.6
    vertex -3 0 32.8
  endloop
endfacet
facet normal 0.83147 0.55557 0
  outer loop
    vertex -2.77164 -1.14805 31.832
    vertex -2.12132 -2.12132 32.5823
    vertex -2.12132 -2.12132 30.9639
  endloop
endfacet
facet normal 0.83147 0.55557 0
  outer loop
    vertex -2.77164 -1.14805 32.6456
    vertex -2.12132 -2.12132 32.5823
    vertex -2.77164 -1.14805 31.832
  endloop
endfacet
facet normal 0.980785 0.19509 0
  outer loop
    vertex -3 0 32.8
    vertex -2.77164 -1.14805 32.6456
    vertex -2.77164 -1.14805 31.832
  endloop
endfacet
facet normal 0.19509 0.980785 -0
  outer loop
    vertex 0 -3 31.6
    vertex -1.14805 -2.77164 31.832
    vertex 0 -3 32.8
  endloop
endfacet
facet normal 0.55557 0.83147 0
  outer loop
    vertex -2.12132 -2.12132 32.5823
    vertex -1.14805 -2.77164 31.832
    vertex -2.12132 -2.12132 30.9639
  endloop
endfacet
facet normal 0.55557 0.83147 0
  outer loop
    vertex -2.12132 -2.12132 32.5823
    vertex -1.14805 -2.77164 32.6456
    vertex -1.14805 -2.77164 31.832
  endloop
endfacet
facet normal 0.19509 0.980785 0
  outer loop
    vertex -1.14805 -2.77164 32.6456
    vertex 0 -3 32.8
    vertex -1.14805 -2.77164 31.832
  endloop
endfacet
facet normal 0.982392 0.18683 0
  outer loop
    vertex -3 0 25.6
    vertex -2.79057 -1.10124 25.4874
    vertex -3 0 24.4
  endloop
endfacet
facet normal 0.836115 0.548554 -0
  outer loop
    vertex -2.12132 -2.12132 24.9131
    vertex -2.79057 -1.10124 25.4874
    vertex -2.12132 -2.12132 26.0666
  endloop
endfacet
facet normal 0.823007 0.566125 -0.0464885
  outer loop
    vertex -2.12132 -2.12132 24.9131
    vertex -2.67302 -1.36197 24.3933
    vertex -2.79057 -1.10124 25.4874
  endloop
endfacet
facet normal 0.971264 0.232939 0.0488403
  outer loop
    vertex -2.67302 -1.36197 24.3933
    vertex -3 0 24.4
    vertex -2.79057 -1.10124 25.4874
  endloop
endfacet
facet normal 0.18683 0.982392 0
  outer loop
    vertex -1.10124 -2.79057 25.4874
    vertex 0 -3 25.6
    vertex 0 -3 24.4
  endloop
endfacet
facet normal 0.548554 0.836115 0
  outer loop
    vertex -1.10124 -2.79057 25.4874
    vertex -2.12132 -2.12132 24.9131
    vertex -2.12132 -2.12132 26.0666
  endloop
endfacet
facet normal 0.566125 0.823007 -0.0464885
  outer loop
    vertex -1.36197 -2.67302 24.3933
    vertex -2.12132 -2.12132 24.9131
    vertex -1.10124 -2.79057 25.4874
  endloop
endfacet
facet normal 0.232939 0.971264 0.0488403
  outer loop
    vertex 0 -3 24.4
    vertex -1.36197 -2.67302 24.3933
    vertex -1.10124 -2.79057 25.4874
  endloop
endfacet
facet normal 0.982392 0.18683 0
  outer loop
    vertex -2.79057 -1.10124 18.4979
    vertex -3 0 18.4
    vertex -3 0 19.6
  endloop
endfacet
facet normal 0.836115 0.548554 0
  outer loop
    vertex -2.79057 -1.10124 18.4979
    vertex -2.12132 -2.12132 19.0738
    vertex -2.12132 -2.12132 17.8521
  endloop
endfacet
facet normal 0.823151 0.565964 0.0459047
  outer loop
    vertex -2.67302 -1.36197 19.6047
    vertex -2.12132 -2.12132 19.0738
    vertex -2.79057 -1.10124 18.4979
  endloop
endfacet
facet normal 0.971274 0.233017 -0.0482656
  outer loop
    vertex -3 0 19.6
    vertex -2.67302 -1.36197 19.6047
    vertex -2.79057 -1.10124 18.4979
  endloop
endfacet
facet normal 0.18683 0.982392 -0
  outer loop
    vertex 0 -3 18.4
    vertex -1.10124 -2.79057 18.4979
    vertex 0 -3 19.6
  endloop
endfacet
facet normal 0.548554 0.836115 0
  outer loop
    vertex -2.12132 -2.12132 19.0738
    vertex -1.10124 -2.79057 18.4979
    vertex -2.12132 -2.12132 17.8521
  endloop
endfacet
facet normal 0.565964 0.823151 0.0459047
  outer loop
    vertex -2.12132 -2.12132 19.0738
    vertex -1.36197 -2.67302 19.6047
    vertex -1.10124 -2.79057 18.4979
  endloop
endfacet
facet normal 0.233017 0.971274 -0.0482656
  outer loop
    vertex -1.36197 -2.67302 19.6047
    vertex 0 -3 19.6
    vertex -1.10124 -2.79057 18.4979
  endloop
endfacet
facet normal 0.846724 0.532032 -3.20947e-15
  outer loop
    vertex -2.83165 -0.990837 4.03042
    vertex -2.12132 -2.12132 4.52011
    vertex -2.12132 -2.12132 3.6651
  endloop
endfacet
facet normal 0.84134 0.539883 0.025935
  outer loop
    vertex -2.77164 -1.14805 5.3563
    vertex -2.12132 -2.12132 4.52011
    vertex -2.83165 -0.990837 4.03042
  endloop
endfacet
facet normal 0.532032 0.846724 3.26902e-15
  outer loop
    vertex -2.12132 -2.12132 4.52011
    vertex -0.990837 -2.83165 4.03042
    vertex -2.12132 -2.12132 3.6651
  endloop
endfacet
facet normal 0.539883 0.84134 0.025935
  outer loop
    vertex -2.12132 -2.12132 4.52011
    vertex -1.14805 -2.77164 5.3563
    vertex -0.990837 -2.83165 4.03042
  endloop
endfacet
facet normal 0.980785 0.19509 0
  outer loop
    vertex -2.77164 -1.14805 5.3563
    vertex -3 0 5.2
    vertex -3 0 6.4
  endloop
endfacet
facet normal 0.83147 0.55557 -5.03956e-16
  outer loop
    vertex -2.77164 -1.14805 5.3563
    vertex -2.12132 -2.12132 5.64934
    vertex -2.12132 -2.12132 4.52011
  endloop
endfacet
facet normal 0.83147 0.55557 1.05577e-15
  outer loop
    vertex -2.77164 -1.14805 6.52951
    vertex -2.12132 -2.12132 5.64934
    vertex -2.77164 -1.14805 5.3563
  endloop
endfacet
facet normal 0.980785 0.19509 -1.17224e-15
  outer loop
    vertex -3 0 6.4
    vertex -2.77164 -1.14805 6.52951
    vertex -2.77164 -1.14805 5.3563
  endloop
endfacet
facet normal 0.19509 0.980785 -0
  outer loop
    vertex 0 -3 5.2
    vertex -1.14805 -2.77164 5.3563
    vertex 0 -3 6.4
  endloop
endfacet
facet normal 0.55557 0.83147 4.34009e-16
  outer loop
    vertex -2.12132 -2.12132 5.64934
    vertex -1.14805 -2.77164 5.3563
    vertex -2.12132 -2.12132 4.52011
  endloop
endfacet
facet normal 0.55557 0.83147 -1.05098e-15
  outer loop
    vertex -2.12132 -2.12132 5.64934
    vertex -1.14805 -2.77164 6.52951
    vertex -1.14805 -2.77164 5.3563
  endloop
endfacet
facet normal 0.19509 0.980785 1.19366e-15
  outer loop
    vertex -1.14805 -2.77164 6.52951
    vertex 0 -3 6.4
    vertex -1.14805 -2.77164 5.3563
  endloop
endfacet
facet normal 0.980785 0.19509 0
  outer loop
    vertex -2.77164 -1.14805 6.52951
    vertex -3 0 6.4
    vertex -3 0 7.6
  endloop
endfacet
facet normal 0.83147 0.55557 0
  outer loop
    vertex -2.77164 -1.14805 6.52951
    vertex -2.12132 -2.12132 6.83533
    vertex -2.12132 -2.12132 5.64934
  endloop
endfacet
facet normal 0.83147 0.55557 0
  outer loop
    vertex -2.77164 -1.14805 7.72571
    vertex -2.12132 -2.12132 6.83533
    vertex -2.77164 -1.14805 6.52951
  endloop
endfacet
facet normal 0.980785 0.19509 0
  outer loop
    vertex -3 0 7.6
    vertex -2.77164 -1.14805 7.72571
    vertex -2.77164 -1.14805 6.52951
  endloop
endfacet
facet normal 0.19509 0.980785 -0
  outer loop
    vertex 0 -3 6.4
    vertex -1.14805 -2.77164 6.52951
    vertex 0 -3 7.6
  endloop
endfacet
facet normal 0.55557 0.83147 0
  outer loop
    vertex -2.12132 -2.12132 6.83533
    vertex -1.14805 -2.77164 6.52951
    vertex -2.12132 -2.12132 5.64934
  endloop
endfacet
facet normal 0.55557 0.83147 0
  outer loop
    vertex -2.12132 -2.12132 6.83533
    vertex -1.14805 -2.77164 7.72571
    vertex -1.14805 -2.77164 6.52951
  endloop
endfacet
facet normal 0.19509 0.980785 0
  outer loop
    vertex -1.14805 -2.77164 7.72571
    vertex 0 -3 7.6
    vertex -1.14805 -2.77164 6.52951
  endloop
endfacet
facet normal 0.980785 0.19509 0
  outer loop
    vertex -2.77164 -1.14805 7.72571
    vertex -3 0 7.6
    vertex -3 0 8.8
  endloop
endfacet
facet normal 0.83147 0.55557 0
  outer loop
    vertex -2.77164 -1.14805 7.72571
    vertex -2.12132 -2.12132 8.03263
    vertex -2.12132 -2.12132 6.83533
  endloop
endfacet
facet normal 0.83147 0.55557 0
  outer loop
    vertex -2.77164 -1.14805 8.92518
    vertex -2.12132 -2.12132 8.03263
    vertex -2.77164 -1.14805 7.72571
  endloop
endfacet
facet normal 0.980785 0.19509 0
  outer loop
    vertex -3 0 8.8
    vertex -2.77164 -1.14805 8.92518
    vertex -2.77164 -1.14805 7.72571
  endloop
endfacet
facet normal 0.19509 0.980785 -0
  outer loop
    vertex 0 -3 7.6
    vertex -1.14805 -2.77164 7.72571
    vertex 0 -3 8.8
  endloop
endfacet
facet normal 0.55557 0.83147 0
  outer loop
    vertex -2.12132 -2.12132 8.03263
    vertex -1.14805 -2.77164 7.72571
    vertex -2.12132 -2.12132 6.83533
  endloop
endfacet
facet normal 0.55557 0.83147 0
  outer loop
    vertex -2.12132 -2.12132 8.03263
    vertex -1.14805 -2.77164 8.92518
    vertex -1.14805 -2.77164 7.72571
  endloop
endfacet
facet normal 0.19509 0.980785 0
  outer loop
    vertex -1.14805 -2.77164 8.92518
    vertex 0 -3 8.8
    vertex -1.14805 -2.77164 7.72571
  endloop
endfacet
facet normal 0.980785 0.19509 0
  outer loop
    vertex -2.77164 -1.14805 8.92518
    vertex -3 0 8.8
    vertex -3 0 10
  endloop
endfacet
facet normal 0.83147 0.55557 0
  outer loop
    vertex -2.77164 -1.14805 8.92518
    vertex -2.12132 -2.12132 9.23212
    vertex -2.12132 -2.12132 8.03263
  endloop
endfacet
facet normal 0.83147 0.55557 0
  outer loop
    vertex -2.77164 -1.14805 10.1262
    vertex -2.12132 -2.12132 9.23212
    vertex -2.77164 -1.14805 8.92518
  endloop
endfacet
facet normal 0.980785 0.19509 0
  outer loop
    vertex -3 0 10
    vertex -2.77164 -1.14805 10.1262
    vertex -2.77164 -1.14805 8.92518
  endloop
endfacet
facet normal 0.19509 0.980785 -0
  outer loop
    vertex 0 -3 8.8
    vertex -1.14805 -2.77164 8.92518
    vertex 0 -3 10
  endloop
endfacet
facet normal 0.55557 0.83147 0
  outer loop
    vertex -2.12132 -2.12132 9.23212
    vertex -1.14805 -2.77164 8.92518
    vertex -2.12132 -2.12132 8.03263
  endloop
endfacet
facet normal 0.55557 0.83147 0
  outer loop
    vertex -2.12132 -2.12132 9.23212
    vertex -1.14805 -2.77164 10.1262
    vertex -1.14805 -2.77164 8.92518
  endloop
endfacet
facet normal 0.19509 0.980785 0
  outer loop
    vertex -1.14805 -2.77164 10.1262
    vertex 0 -3 10
    vertex -1.14805 -2.77164 8.92518
  endloop
endfacet
facet normal 0.980785 0.19509 0
  outer loop
    vertex -2.77164 -1.14805 10.1262
    vertex -3 0 10
    vertex -3 0 11.2
  endloop
endfacet
facet normal 0.83147 0.55557 0
  outer loop
    vertex -2.77164 -1.14805 10.1262
    vertex -2.12132 -2.12132 10.432
    vertex -2.12132 -2.12132 9.23212
  endloop
endfacet
facet normal 0.83147 0.55557 0
  outer loop
    vertex -2.77164 -1.14805 11.3328
    vertex -2.12132 -2.12132 10.432
    vertex -2.77164 -1.14805 10.1262
  endloop
endfacet
facet normal 0.980785 0.19509 0
  outer loop
    vertex -3 0 11.2
    vertex -2.77164 -1.14805 11.3328
    vertex -2.77164 -1.14805 10.1262
  endloop
endfacet
facet normal 0.19509 0.980785 -0
  outer loop
    vertex 0 -3 10
    vertex -1.14805 -2.77164 10.1262
    vertex 0 -3 11.2
  endloop
endfacet
facet normal 0.55557 0.83147 0
  outer loop
    vertex -2.12132 -2.12132 10.432
    vertex -1.14805 -2.77164 10.1262
    vertex -2.12132 -2.12132 9.23212
  endloop
endfacet
facet normal 0.55557 0.83147 0
  outer loop
    vertex -2.12132 -2.12132 10.432
    vertex -1.14805 -2.77164 11.3328
    vertex -1.14805 -2.77164 10.1262
  endloop
endfacet
facet normal 0.19509 0.980785 0
  outer loop
    vertex -1.14805 -2.77164 11.3328
    vertex 0 -3 11.2
    vertex -1.14805 -2.77164 10.1262
  endloop
endfacet
facet normal 0.980785 0.19509 0
  outer loop
    vertex -2.77164 -1.14805 11.3328
    vertex -3 0 11.2
    vertex -3 0 12.4
  endloop
endfacet
facet normal 0.83147 0.55557 0
  outer loop
    vertex -2.77164 -1.14805 11.3328
    vertex -2.12132 -2.12132 11.7906
    vertex -2.12132 -2.12132 10.432
  endloop
endfacet
facet normal 0.824887 0.564578 0.0285033
  outer loop
    vertex -2.66566 -1.37632 12.7872
    vertex -2.12132 -2.12132 11.7906
    vertex -2.77164 -1.14805 11.3328
  endloop
endfacet
facet normal 0.973368 0.226501 -0.035377
  outer loop
    vertex -3 0 12.4
    vertex -2.66566 -1.37632 12.7872
    vertex -2.77164 -1.14805 11.3328
  endloop
endfacet
facet normal 0.19509 0.980785 -0
  outer loop
    vertex 0 -3 11.2
    vertex -1.14805 -2.77164 11.3328
    vertex 0 -3 12.4
  endloop
endfacet
facet normal 0.55557 0.83147 0
  outer loop
    vertex -2.12132 -2.12132 11.7906
    vertex -1.14805 -2.77164 11.3328
    vertex -2.12132 -2.12132 10.432
  endloop
endfacet
facet normal 0.564578 0.824887 0.0285033
  outer loop
    vertex -2.12132 -2.12132 11.7906
    vertex -1.37632 -2.66566 12.7872
    vertex -1.14805 -2.77164 11.3328
  endloop
endfacet
facet normal 0.226501 0.973368 -0.035377
  outer loop
    vertex -1.37632 -2.66566 12.7872
    vertex 0 -3 12.4
    vertex -1.14805 -2.77164 11.3328
  endloop
endfacet
facet normal 0.971739 0.236058 0
  outer loop
    vertex -2.66566 -1.37632 12.7872
    vertex -3 0 12.4
    vertex -3 0 13.6
  endloop
endfacet
facet normal 0.236058 0.971739 -0
  outer loop
    vertex 0 -3 12.4
    vertex -1.37632 -2.66566 12.7872
    vertex 0 -3 13.6
  endloop
endfacet
facet normal 0.982392 0.18683 0
  outer loop
    vertex -2.79057 -1.10124 20.7194
    vertex -3 0 19.6
    vertex -3 0 20.8
  endloop
endfacet
facet normal 0.971219 0.233333 0.0478382
  outer loop
    vertex -2.67302 -1.36197 19.6047
    vertex -3 0 19.6
    vertex -2.79057 -1.10124 20.7194
  endloop
endfacet
facet normal 0.18683 0.982392 -0
  outer loop
    vertex 0 -3 19.6
    vertex -1.10124 -2.79057 20.7194
    vertex 0 -3 20.8
  endloop
endfacet
facet normal 0.233333 0.971219 0.0478382
  outer loop
    vertex 0 -3 19.6
    vertex -1.36197 -2.67302 19.6047
    vertex -1.10124 -2.79057 20.7194
  endloop
endfacet
facet normal 0.985871 0.167506 0
  outer loop
    vertex -2.83165 -0.990837 4.03042
    vertex -3 0 2.8
    vertex -3 0 4
  endloop
endfacet
facet normal 0.981016 0.192782 0.0210185
  outer loop
    vertex -2.77164 -1.14805 2.67141
    vertex -3 0 2.8
    vertex -2.83165 -0.990837 4.03042
  endloop
endfacet
facet normal 0.167506 0.985871 -0
  outer loop
    vertex 0 -3 2.8
    vertex -0.990837 -2.83165 4.03042
    vertex 0 -3 4
  endloop
endfacet
facet normal 0.192782 0.981016 0.0210185
  outer loop
    vertex 0 -3 2.8
    vertex -1.14805 -2.77164 2.67141
    vertex -0.990837 -2.83165 4.03042
  endloop
endfacet
facet normal 0.979785 0.200055 0
  outer loop
    vertex -2.75987 -1.17607 42.1069
    vertex -3 0 41.2
    vertex -3 0 42.4
  endloop
endfacet
facet normal 0.981276 0.192323 -0.0104219
  outer loop
    vertex -2.78642 -1.1117 40.7948
    vertex -3 0 41.2
    vertex -2.75987 -1.17607 42.1069
  endloop
endfacet
facet normal 0.194708 0.980861 -0
  outer loop
    vertex 0 -3 41.2
    vertex -1.14589 -2.77253 42.1069
    vertex 0 -3 42.4
  endloop
endfacet
facet normal 0.201971 0.979345 0.00955711
  outer loop
    vertex 0 -3 41.2
    vertex -1.20345 -2.74804 40.8132
    vertex -1.14589 -2.77253 42.1069
  endloop
endfacet
facet normal 0.979894 0.19952 0
  outer loop
    vertex -2.76115 -1.17305 38.109
    vertex -3 0 37.6
    vertex -3 0 38.8
  endloop
endfacet
facet normal 0.200055 0.979785 -0
  outer loop
    vertex 0 -3 37.6
    vertex -1.17607 -2.75987 38.5085
    vertex 0 -3 38.8
  endloop
endfacet
facet normal 0.191803 0.981371 -0.0111013
  outer loop
    vertex 0 -3 37.6
    vertex -1.11123 -2.7866 37.2652
    vertex -1.17607 -2.75987 38.5085
  endloop
endfacet
facet normal 0.986252 0.165248 0
  outer loop
    vertex -2.83616 -0.977859 29.3042
    vertex -3 0 28
    vertex -3 0 29.2
  endloop
endfacet
facet normal 0.980589 0.194741 0.0228237
  outer loop
    vertex -2.77164 -1.14805 27.9844
    vertex -3 0 28
    vertex -2.83616 -0.977859 29.3042
  endloop
endfacet
facet normal 0.531709 0.846927 0
  outer loop
    vertex -2.12132 -2.12132 29.9167
    vertex -0.988676 -2.83241 29.3222
    vertex -2.12132 -2.12132 29.1
  endloop
endfacet
facet normal 0.540615 0.840924 0.0241493
  outer loop
    vertex -2.12132 -2.12132 29.9167
    vertex -1.13323 -2.77773 30.6543
    vertex -0.988676 -2.83241 29.3222
  endloop
endfacet
facet normal 0.84794 0.530092 0
  outer loop
    vertex -2.83616 -0.977859 29.3042
    vertex -2.12132 -2.12132 29.9167
    vertex -2.12132 -2.12132 29.1
  endloop
endfacet
facet normal 0.842033 0.538919 0.0233742
  outer loop
    vertex -2.78311 -1.11996 30.6695
    vertex -2.12132 -2.12132 29.9167
    vertex -2.83616 -0.977859 29.3042
  endloop
endfacet
facet normal 0.984664 0.17446 0
  outer loop
    vertex -2.81738 -1.03071 14.6314
    vertex -3 0 13.6
    vertex -3 0 14.8
  endloop
endfacet
facet normal 0.17446 0.984664 -0
  outer loop
    vertex 0 -3 13.6
    vertex -1.03071 -2.81738 14.6314
    vertex 0 -3 14.8
  endloop
endfacet
facet normal 0.980785 0.19509 0
  outer loop
    vertex -2.77164 -1.14805 33.5718
    vertex -3 0 32.8
    vertex -3 0 34
  endloop
endfacet
facet normal 0.980785 0.19509 -0
  outer loop
    vertex -2.77164 -1.14805 32.6456
    vertex -3 0 32.8
    vertex -2.77164 -1.14805 33.5718
  endloop
endfacet
facet normal 0.83147 0.55557 0
  outer loop
    vertex -2.77164 -1.14805 33.5718
    vertex -2.12132 -2.12132 34.2278
    vertex -2.12132 -2.12132 32.5823
  endloop
endfacet
facet normal 0.83147 0.55557 0
  outer loop
    vertex -2.12132 -2.12132 32.5823
    vertex -2.77164 -1.14805 32.6456
    vertex -2.77164 -1.14805 33.5718
  endloop
endfacet
facet normal 0.19509 0.980785 -0
  outer loop
    vertex 0 -3 32.8
    vertex -1.14805 -2.77164 33.5718
    vertex 0 -3 34
  endloop
endfacet
facet normal 0.19509 0.980785 0
  outer loop
    vertex 0 -3 32.8
    vertex -1.14805 -2.77164 32.6456
    vertex -1.14805 -2.77164 33.5718
  endloop
endfacet
facet normal 0.55557 0.83147 0
  outer loop
    vertex -2.12132 -2.12132 34.2278
    vertex -1.14805 -2.77164 33.5718
    vertex -2.12132 -2.12132 32.5823
  endloop
endfacet
facet normal 0.55557 0.83147 -0
  outer loop
    vertex -1.14805 -2.77164 32.6456
    vertex -2.12132 -2.12132 32.5823
    vertex -1.14805 -2.77164 33.5718
  endloop
endfacet
facet normal 0.16713 0.985935 -0
  outer loop
    vertex 0 -3 28
    vertex -0.988676 -2.83241 29.3222
    vertex 0 -3 29.2
  endloop
endfacet
facet normal 0.194767 0.980617 0.0213393
  outer loop
    vertex 0 -3 28
    vertex -1.14805 -2.77164 27.9844
    vertex -0.988676 -2.83241 29.3222
  endloop
endfacet
facet normal 0.194985 0.980806 -0
  outer loop
    vertex 0 -3 44.8
    vertex -1.14745 -2.77189 45.7294
    vertex 0 -3 46
  endloop
endfacet
facet normal 0.189515 0.981853 -0.00701002
  outer loop
    vertex 0 -3 44.8
    vertex -1.10553 -2.78887 44.4836
    vertex -1.14745 -2.77189 45.7294
  endloop
endfacet
facet normal 0.835965 0.548776 0.00281337
  outer loop
    vertex -2.78242 -1.12166 48.7368
    vertex -2.1275 -2.11512 47.9179
    vertex -2.78896 -1.10531 47.4894
  endloop
endfacet
facet normal 0.54607 0.837731 0.00370821
  outer loop
    vertex -2.1275 -2.11512 47.9179
    vertex -1.08766 -2.79589 48.5849
    vertex -1.0627 -2.80547 47.0742
  endloop
endfacet
facet normal 0.18006 0.983656 -0
  outer loop
    vertex 0 -3 46
    vertex -1.0627 -2.80547 47.0742
    vertex 0 -3 47.2
  endloop
endfacet
facet normal 0.192156 0.981286 0.0123961
  outer loop
    vertex 0 -3 46
    vertex -1.14745 -2.77189 45.7294
    vertex -1.0627 -2.80547 47.0742
  endloop
endfacet
facet normal 0.572011 0.820098 -0.0155678
  outer loop
    vertex -1.14745 -2.77189 45.7294
    vertex -2.23572 -2.00039 46.3847
    vertex -1.0627 -2.80547 47.0742
  endloop
endfacet
facet normal 0.980785 0.19509 0
  outer loop
    vertex -2.77164 -1.14805 34.8351
    vertex -3 0 34
    vertex -3 0 35.2
  endloop
endfacet
facet normal 0.980785 0.19509 -0
  outer loop
    vertex -2.77164 -1.14805 33.5718
    vertex -3 0 34
    vertex -2.77164 -1.14805 34.8351
  endloop
endfacet
facet normal 0.834402 0.551058 0.0103722
  outer loop
    vertex -2.77164 -1.14805 34.8351
    vertex -2.17629 -2.06489 35.6516
    vertex -2.12132 -2.12132 34.2278
  endloop
endfacet
facet normal 0.83147 0.55557 0
  outer loop
    vertex -2.12132 -2.12132 34.2278
    vertex -2.77164 -1.14805 33.5718
    vertex -2.77164 -1.14805 34.8351
  endloop
endfacet
facet normal 0.19509 0.980785 -0
  outer loop
    vertex 0 -3 34
    vertex -1.14805 -2.77164 34.8351
    vertex 0 -3 35.2
  endloop
endfacet
facet normal 0.19509 0.980785 0
  outer loop
    vertex 0 -3 34
    vertex -1.14805 -2.77164 33.5718
    vertex -1.14805 -2.77164 34.8351
  endloop
endfacet
facet normal 0.560353 0.828178 -0.0111899
  outer loop
    vertex -2.17629 -2.06489 35.6516
    vertex -1.14805 -2.77164 34.8351
    vertex -2.12132 -2.12132 34.2278
  endloop
endfacet
facet normal 0.55557 0.83147 -0
  outer loop
    vertex -1.14805 -2.77164 33.5718
    vertex -2.12132 -2.12132 34.2278
    vertex -1.14805 -2.77164 34.8351
  endloop
endfacet
facet normal 0.18912 0.981954 -0
  outer loop
    vertex 0 -3 42.4
    vertex -1.11424 -2.7854 43.2918
    vertex 0 -3 43.6
  endloop
endfacet
facet normal 0.193354 0.981114 0.00549194
  outer loop
    vertex 0 -3 42.4
    vertex -1.14589 -2.77253 42.1069
    vertex -1.11424 -2.7854 43.2918
  endloop
endfacet
facet normal 0.563185 0.826309 -0.00606754
  outer loop
    vertex -1.14589 -2.77253 42.1069
    vertex -2.17737 -2.06375 42.8915
    vertex -1.11424 -2.7854 43.2918
  endloop
endfacet
facet normal 0.985746 0.168243 0
  outer loop
    vertex -2.83017 -0.995067 35.9291
    vertex -3 0 35.2
    vertex -3 0 36.4
  endloop
endfacet
facet normal 0.982016 0.186945 0.0263945
  outer loop
    vertex -2.77164 -1.14805 34.8351
    vertex -3 0 35.2
    vertex -2.83017 -0.995067 35.9291
  endloop
endfacet
facet normal 0.849639 0.526611 -0.0281857
  outer loop
    vertex -2.17629 -2.06489 35.6516
    vertex -2.77164 -1.14805 34.8351
    vertex -2.83017 -0.995067 35.9291
  endloop
endfacet
facet normal 0.983927 0.17857 0
  outer loop
    vertex -2.80868 -1.0542 39.6402
    vertex -3 0 38.8
    vertex -3 0 40
  endloop
endfacet
facet normal 0.981538 0.190625 0.0156686
  outer loop
    vertex -2.76115 -1.17305 38.109
    vertex -3 0 38.8
    vertex -2.80868 -1.0542 39.6402
  endloop
endfacet
facet normal 0.846368 0.532386 -0.0150533
  outer loop
    vertex -2.18959 -2.05078 39.2023
    vertex -2.76115 -1.17305 38.109
    vertex -2.80868 -1.0542 39.6402
  endloop
endfacet
facet normal 0.985679 0.168634 0
  outer loop
    vertex -2.82938 -0.997313 43.1552
    vertex -3 0 42.4
    vertex -3 0 43.6
  endloop
endfacet
facet normal 0.98082 0.192228 0.0322543
  outer loop
    vertex -2.75987 -1.17607 42.1069
    vertex -3 0 42.4
    vertex -2.82938 -0.997313 43.1552
  endloop
endfacet
facet normal 0.848972 0.527367 -0.0336321
  outer loop
    vertex -2.17737 -2.06375 42.8915
    vertex -2.75987 -1.17607 42.1069
    vertex -2.82938 -0.997313 43.1552
  endloop
endfacet
facet normal 0.205311 0.978697 -0
  outer loop
    vertex 0 -3 38.8
    vertex -1.20562 -2.74708 39.5834
    vertex 0 -3 40
  endloop
endfacet
facet normal 0.201504 0.979469 -0.00610747
  outer loop
    vertex 0 -3 38.8
    vertex -1.17607 -2.75987 38.5085
    vertex -1.20562 -2.74708 39.5834
  endloop
endfacet
facet normal 0.576056 0.817388 0.00611962
  outer loop
    vertex -1.17607 -2.75987 38.5085
    vertex -2.18959 -2.05078 39.2023
    vertex -1.20562 -2.74708 39.5834
  endloop
endfacet
facet normal 0.189298 0.98192 -0
  outer loop
    vertex 0 -3 35.2
    vertex -1.11525 -2.785 36.0667
    vertex 0 -3 36.4
  endloop
endfacet
facet normal 0.193408 0.981103 0.00549164
  outer loop
    vertex 0 -3 35.2
    vertex -1.14805 -2.77164 34.8351
    vertex -1.11525 -2.785 36.0667
  endloop
endfacet
facet normal 0.563169 0.826319 -0.00603457
  outer loop
    vertex -1.14805 -2.77164 34.8351
    vertex -2.17629 -2.06489 35.6516
    vertex -1.11525 -2.785 36.0667
  endloop
endfacet
facet normal 0.980378 0.197128 0
  outer loop
    vertex -2.76684 -1.15956 45.2735
    vertex -3 0 44.8
    vertex -3 0 46
  endloop
endfacet
facet normal 0.979487 0.201505 0
  outer loop
    vertex -3 0 24.4
    vertex -2.75637 -1.18423 23.4066
    vertex -3 0 23.2
  endloop
endfacet
facet normal 0.971546 0.233445 -0.0400223
  outer loop
    vertex -3 0 24.4
    vertex -2.67302 -1.36197 24.3933
    vertex -2.75637 -1.18423 23.4066
  endloop
endfacet
facet normal 0.201505 0.979487 0
  outer loop
    vertex -1.18423 -2.75637 23.4066
    vertex 0 -3 24.4
    vertex 0 -3 23.2
  endloop
endfacet
facet normal 0.233445 0.971546 -0.0400223
  outer loop
    vertex -1.36197 -2.67302 24.3933
    vertex 0 -3 24.4
    vertex -1.18423 -2.75637 23.4066
  endloop
endfacet
facet normal 0.983473 0.181053 0
  outer loop
    vertex -3 0 23.2
    vertex -2.80332 -1.06837 22.1104
    vertex -3 0 22
  endloop
endfacet
facet normal 0.97994 0.198502 -0.0177467
  outer loop
    vertex -3 0 23.2
    vertex -2.75637 -1.18423 23.4066
    vertex -2.80332 -1.06837 22.1104
  endloop
endfacet
facet normal 0.834186 0.551154 0.0190548
  outer loop
    vertex -2.75637 -1.18423 23.4066
    vertex -2.12132 -2.12132 22.7101
    vertex -2.80332 -1.06837 22.1104
  endloop
endfacet
facet normal 0.181053 0.983473 0
  outer loop
    vertex -1.06837 -2.80332 22.1104
    vertex 0 -3 23.2
    vertex 0 -3 22
  endloop
endfacet
facet normal 0.198502 0.97994 -0.0177467
  outer loop
    vertex -1.18423 -2.75637 23.4066
    vertex 0 -3 23.2
    vertex -1.06837 -2.80332 22.1104
  endloop
endfacet
facet normal 0.551154 0.834186 0.0190548
  outer loop
    vertex -2.12132 -2.12132 22.7101
    vertex -1.18423 -2.75637 23.4066
    vertex -1.06837 -2.80332 22.1104
  endloop
endfacet
facet normal 0.837538 0.546354 -0.00523552
  outer loop
    vertex -2.12132 -2.12132 21.33
    vertex -2.79057 -1.10124 20.7194
    vertex -2.80332 -1.06837 22.1104
  endloop
endfacet
facet normal 0.546354 0.837538 -0.00523552
  outer loop
    vertex -1.10124 -2.79057 20.7194
    vertex -2.12132 -2.12132 21.33
    vertex -1.06837 -2.80332 22.1104
  endloop
endfacet
facet normal 0.981701 0.190427 0
  outer loop
    vertex -3 0 49.6
    vertex -2.78242 -1.12166 48.7368
    vertex -3 0 48.4
  endloop
endfacet
facet normal 0.98321 0.182138 0.011151
  outer loop
    vertex -3 0 49.6
    vertex -2.81189 -1.04561 50.0923
    vertex -2.78242 -1.12166 48.7368
  endloop
endfacet
facet normal 0.836371 0.548149 0.00389868
  outer loop
    vertex -2.14632 -2.09602 49.2701
    vertex -2.1275 -2.11512 47.9179
    vertex -2.78242 -1.12166 48.7368
  endloop
endfacet
facet normal 0.840323 0.54195 -0.0121407
  outer loop
    vertex -2.78242 -1.12166 48.7368
    vertex -2.81189 -1.04561 50.0923
    vertex -2.14632 -2.09602 49.2701
  endloop
endfacet
facet normal 0.18444 0.982844 0
  outer loop
    vertex -1.08766 -2.79589 48.5849
    vertex 0 -3 49.6
    vertex 0 -3 48.4
  endloop
endfacet
facet normal 0.180352 0.983592 0.00453082
  outer loop
    vertex -1.05328 -2.80902 50.067
    vertex 0 -3 49.6
    vertex -1.08766 -2.79589 48.5849
  endloop
endfacet
facet normal 0.549598 0.835419 -0.00415194
  outer loop
    vertex -2.1275 -2.11512 47.9179
    vertex -2.14632 -2.09602 49.2701
    vertex -1.08766 -2.79589 48.5849
  endloop
endfacet
facet normal 0.549064 0.835764 -0.00533018
  outer loop
    vertex -1.05328 -2.80902 50.067
    vertex -1.08766 -2.79589 48.5849
    vertex -2.14632 -2.09602 49.2701
  endloop
endfacet
facet normal 0.980785 0.19509 0
  outer loop
    vertex -2.77164 -1.14805 2.67141
    vertex -3 0 1.6
    vertex -3 0 2.8
  endloop
endfacet
facet normal 0.974093 0.223841 0.0322333
  outer loop
    vertex -2.7082 -1.29061 1.74416
    vertex -3 0 1.6
    vertex -2.77164 -1.14805 2.67141
  endloop
endfacet
facet normal 0.19509 0.980785 -0
  outer loop
    vertex 0 -3 1.6
    vertex -1.14805 -2.77164 2.67141
    vertex 0 -3 2.8
  endloop
endfacet
facet normal 0.219274 0.975287 0.0270854
  outer loop
    vertex 0 -3 1.6
    vertex -1.26476 -2.72037 1.77002
    vertex -1.14805 -2.77164 2.67141
  endloop
endfacet
facet normal 0.187584 0.982248 -0
  outer loop
    vertex 0 -3 43.6
    vertex -1.10553 -2.78887 44.4836
    vertex 0 -3 44.8
  endloop
endfacet
facet normal 0.188725 0.982029 0.00147966
  outer loop
    vertex 0 -3 43.6
    vertex -1.11424 -2.7854 43.2918
    vertex -1.10553 -2.78887 44.4836
  endloop
endfacet
facet normal 0.98204 0.188671 0
  outer loop
    vertex -2.78642 -1.1117 40.7948
    vertex -3 0 40
    vertex -3 0 41.2
  endloop
endfacet
facet normal 0.98328 0.181831 -0.00990061
  outer loop
    vertex -2.80868 -1.0542 39.6402
    vertex -3 0 40
    vertex -2.78642 -1.1117 40.7948
  endloop
endfacet
facet normal 0.204924 0.978778 -0
  outer loop
    vertex 0 -3 40
    vertex -1.20345 -2.74804 40.8132
    vertex 0 -3 41.2
  endloop
endfacet
facet normal 0.20518 0.978724 0.000395916
  outer loop
    vertex 0 -3 40
    vertex -1.20562 -2.74708 39.5834
    vertex -1.20345 -2.74804 40.8132
  endloop
endfacet
facet normal 0.18859 0.982056 -0
  outer loop
    vertex 0 -3 36.4
    vertex -1.11123 -2.7866 37.2652
    vertex 0 -3 37.6
  endloop
endfacet
facet normal 0.189101 0.981957 0.000681397
  outer loop
    vertex 0 -3 36.4
    vertex -1.11525 -2.785 36.0667
    vertex -1.11123 -2.7866 37.2652
  endloop
endfacet
facet normal 0.83147 0.55557 -3.23796e-14
  outer loop
    vertex -2.77164 -1.14805 2.67141
    vertex -2.12132 -2.12132 3.6651
    vertex -2.12132 -2.12132 2.2708
  endloop
endfacet
facet normal 0.842804 0.537641 -0.0249788
  outer loop
    vertex -2.83165 -0.990837 4.03042
    vertex -2.12132 -2.12132 3.6651
    vertex -2.77164 -1.14805 2.67141
  endloop
endfacet
facet normal 0.55557 0.83147 3.27784e-14
  outer loop
    vertex -2.12132 -2.12132 3.6651
    vertex -1.14805 -2.77164 2.67141
    vertex -2.12132 -2.12132 2.2708
  endloop
endfacet
facet normal 0.537641 0.842804 -0.0249788
  outer loop
    vertex -2.12132 -2.12132 3.6651
    vertex -0.990837 -2.83165 4.03042
    vertex -1.14805 -2.77164 2.67141
  endloop
endfacet
facet normal 0.83147 0.55557 0
  outer loop
    vertex -2.77164 -1.14805 27.9844
    vertex -2.12132 -2.12132 29.1
    vertex -2.12132 -2.12132 27.4775
  endloop
endfacet
facet normal 0.845409 0.533413 -0.0274555
  outer loop
    vertex -2.83616 -0.977859 29.3042
    vertex -2.12132 -2.12132 29.1
    vertex -2.77164 -1.14805 27.9844
  endloop
endfacet
facet normal 0.834769 0.5506 -0
  outer loop
    vertex -2.12132 -2.12132 14.9181
    vertex -2.78514 -1.1149 15.6593
    vertex -2.12132 -2.12132 16.5195
  endloop
endfacet
facet normal 0.840664 0.541259 0.0179624
  outer loop
    vertex -2.12132 -2.12132 14.9181
    vertex -2.81738 -1.03071 14.6314
    vertex -2.78514 -1.1149 15.6593
  endloop
endfacet
facet normal 0.5506 0.834769 0
  outer loop
    vertex -1.1149 -2.78514 15.6593
    vertex -2.12132 -2.12132 14.9181
    vertex -2.12132 -2.12132 16.5195
  endloop
endfacet
facet normal 0.541259 0.840664 0.0179624
  outer loop
    vertex -1.03071 -2.81738 14.6314
    vertex -2.12132 -2.12132 14.9181
    vertex -1.1149 -2.78514 15.6593
  endloop
endfacet
facet normal 0.55557 0.83147 0
  outer loop
    vertex -2.12132 -2.12132 29.1
    vertex -1.14805 -2.77164 27.9844
    vertex -2.12132 -2.12132 27.4775
  endloop
endfacet
facet normal 0.535106 0.844403 -0.0253925
  outer loop
    vertex -2.12132 -2.12132 29.1
    vertex -0.988676 -2.83241 29.3222
    vertex -1.14805 -2.77164 27.9844
  endloop
endfacet
facet normal 0.577765 0.816115 0.0119861
  outer loop
    vertex -2.16869 -2.07287 1.25513
    vertex -2.12132 -2.12132 2.2708
    vertex -1.26476 -2.72037 1.77002
  endloop
endfacet
facet normal 0.819946 0.572337 -0.0109385
  outer loop
    vertex -2.12132 -2.12132 2.2708
    vertex -2.16869 -2.07287 1.25513
    vertex -2.7082 -1.29061 1.74416
  endloop
endfacet
facet normal 0.591172 0.806545 0
  outer loop
    vertex -2.12132 -2.12132 14.9181
    vertex -1.38434 -2.6615 13.8975
    vertex -2.12132 -2.12132 13.5509
  endloop
endfacet
facet normal 0.523148 0.849219 -0.0717102
  outer loop
    vertex -1.38434 -2.6615 13.8975
    vertex -2.12132 -2.12132 14.9181
    vertex -1.03071 -2.81738 14.6314
  endloop
endfacet
facet normal 0.806545 0.591172 0
  outer loop
    vertex -2.6615 -1.38434 13.8975
    vertex -2.12132 -2.12132 14.9181
    vertex -2.12132 -2.12132 13.5509
  endloop
endfacet
facet normal 0.849219 0.523148 -0.0717102
  outer loop
    vertex -2.12132 -2.12132 14.9181
    vertex -2.6615 -1.38434 13.8975
    vertex -2.81738 -1.03071 14.6314
  endloop
endfacet
facet normal 0.548554 0.836115 -0
  outer loop
    vertex -2.12132 -2.12132 20.1753
    vertex -2.12132 -2.12132 21.33
    vertex -1.10124 -2.79057 20.7194
  endloop
endfacet
facet normal 0.836115 0.548554 0
  outer loop
    vertex -2.12132 -2.12132 21.33
    vertex -2.12132 -2.12132 20.1753
    vertex -2.79057 -1.10124 20.7194
  endloop
endfacet
facet normal 0.807434 0.589958 0
  outer loop
    vertex -2.12132 -2.12132 12.6567
    vertex -2.12132 -2.12132 11.7906
    vertex -2.66566 -1.37632 12.7872
  endloop
endfacet
facet normal 0.589958 0.807434 -0
  outer loop
    vertex -2.12132 -2.12132 12.6567
    vertex -2.12132 -2.12132 13.5509
    vertex -1.37632 -2.66566 12.7872
  endloop
endfacet
facet normal 0.807434 0.589958 0
  outer loop
    vertex -2.12132 -2.12132 13.5509
    vertex -2.12132 -2.12132 12.6567
    vertex -2.66566 -1.37632 12.7872
  endloop
endfacet
facet normal 0.589958 0.807434 -0
  outer loop
    vertex -2.12132 -2.12132 11.7906
    vertex -2.12132 -2.12132 12.6567
    vertex -1.37632 -2.66566 12.7872
  endloop
endfacet
facet normal 0.561 0.827816 -0
  outer loop
    vertex -2.12132 -2.12132 22.7101
    vertex -2.12132 -2.12132 23.8705
    vertex -1.18423 -2.75637 23.4066
  endloop
endfacet
facet normal 0.827816 0.561 0
  outer loop
    vertex -2.12132 -2.12132 23.8705
    vertex -2.12132 -2.12132 22.7101
    vertex -2.75637 -1.18423 23.4066
  endloop
endfacet
facet normal 0.0927153 0.995693 0
  outer loop
    vertex -0.553896 -2.94842 17.7977
    vertex 0 -3 18.4
    vertex 0 -3 17.2
  endloop
endfacet
facet normal 0.275016 0.961438 -0.00177043
  outer loop
    vertex -0.553896 -2.94842 17.7977
    vertex -1.07623 -2.80031 17.0929
    vertex -1.10124 -2.79057 18.4979
  endloop
endfacet
facet normal 0.174479 0.981647 0.0769827
  outer loop
    vertex -1.07623 -2.80031 17.0929
    vertex -0.553896 -2.94842 17.7977
    vertex 0 -3 17.2
  endloop
endfacet
facet normal 0.179269 0.980468 -0.0809025
  outer loop
    vertex 0 -3 18.4
    vertex -0.553896 -2.94842 17.7977
    vertex -1.10124 -2.79057 18.4979
  endloop
endfacet
facet normal 0.995693 0.0927153 0
  outer loop
    vertex -3 0 18.4
    vertex -2.94842 -0.553896 17.7977
    vertex -3 0 17.2
  endloop
endfacet
facet normal 0.961438 0.275016 -0.00177043
  outer loop
    vertex -2.80031 -1.07623 17.0929
    vertex -2.94842 -0.553896 17.7977
    vertex -2.79057 -1.10124 18.4979
  endloop
endfacet
facet normal 0.981647 0.174479 0.0769827
  outer loop
    vertex -2.94842 -0.553896 17.7977
    vertex -2.80031 -1.07623 17.0929
    vertex -3 0 17.2
  endloop
endfacet
